scg_name	percent_identity	t_domain	t_phylum	t_class	t_order	t_family	t_genus	t_species	NEG_UWTrinh_BS_0001_F05	NEG_UWTrinh_BS_0001_H05	S200_V00	S200_V11	S200_V22	S200_V33	S200_V44	S201_V00	S201_V11	S201_V22	S201_V33	S201_V44	S207_V0A	S207_V0B	S207_V2A	S207_V2B	S208_V0A	S208_V0B	S208_V2A	S208_V2B	S210_V0A	S210_V0B	S210_V1A	S210_V1B	S211_V00	S211_V11	S211_V22	S212_V00	S212_V11	S212_V22	S213_V00	S213_V11	S213_V22	S214_V0A	S214_V0B	S214_V2A	S214_V2B
S200_Ribosomal_S2_208385	100.0	Bacteria	Bacillota_A	Clostridia	Oscillospirales	Ruminococcaceae	Ruminococcus_C	None	0.0	0.0	81.91703703703703	0.0	0.0	0.0	161.74800637958532	0.0	0.0	0.0	0.0	0.0	0.0	0.0	0.0	0.0	37.929310344827584	16.90578734858681	87.61145510835914	58.52472089314195	83.225	52.02517482517482	74.88826025459689	51.68468468468468	62.75606060606061	13.358381502890174	66.01881720430107	0.0	0.0	0.0	1.8742603550295858	0.4026666666666667	0.0	10.194398682042834	10.545132743362831	2.6813333333333333	3.857142857142857
S200_Ribosomal_S2_412165	100.0	Bacteria	Bacillota_A	Clostridia	Lachnospirales	Lachnospiraceae	KLE1615	None	0.0	0.0	21.514575411913814	0.0	0.0	0.0	40.38998211091234	76.58409785932722	45.5735056542811	53.972714870395635	30.275409836065574	123.14748784440843	28.793650793650794	17.683143219264892	35.73315363881402	8.860377358490567	5.888741721854305	5.385802469135802	5.560070671378092	1.83601756954612	32.74820143884892	8.15576923076923	32.454188481675395	32.36944444444445	13.05830164765526	0.0	8.62772585669782	0.0	29.69096671949287	19.739403453689167	21.326896551724136	11.180152671755724	3.085635359116022	0.4934086629001883	1.851963746223565	1.438529784537389	0.0
S200_Ribosomal_S2_97286	100.0	Bacteria	Bacteroidota	Bacteroidia	Bacteroidales	Bacteroidaceae	Prevotella	Prevotella sp003447235	0.0	0.0	0.0	58.031486146095716	72.74198473282443	0.0	0.0	0.0	0.0	0.0	0.0	0.0	0.0	0.0	0.0	0.0	17.988902589395806	4.730593607305936	13.201174743024962	4.257425742574258	0.0	0.0	0.0	0.0	0.0	0.0	0.0	0.0	0.0	0.0	2.772121212121212	9.627027027027028	3.7773224043715845	19.37621359223301	20.80421686746988	37.3222891566265	21.777633289986998
S200_Ribosomal_S2_91663	100.0	Bacteria	Bacillota_A	Clostridia	Oscillospirales	Ruminococcaceae	Faecalibacterium	Faecalibacterium sp934513205	0.0	0.0	223.7534965034965	335.682156133829	480.71858407079645	115.95035460992908	434.9741248097412	332.89166666666665	354.587037037037	365.9085487077535	147.68624420401855	436.22324159021406	546.7898089171974	580.0816023738872	366.1986111111111	489.5676567656766	294.5470332850941	116.44077961019491	528.7878787878788	385.65155807365437	377.4661654135338	298.49768875192603	271.7830188679245	175.41972920696324	360.6896551724138	95.49801587301587	316.41711229946526	176.0018018018018	400.1334552102377	441.52408759124086	245.04244482173175	103.04049295774648	118.70204841713222	218.4112554112554	297.496062992126	180.92753623188406	107.48660714285714
S200_Ribosomal_S2_78864	100.0	Bacteria	Bacillota_A	Clostridia	Oscillospirales	Ruminococcaceae	Faecalibacterium	Faecalibacterium sp900551435	0.0	0.0	6.881720430107527	73.35483870967742	25.967741935483872	1.7204301075268817	152.36559139784947	7.967741935483871	74.03529411764706	63.19178082191781	9.64516129032258	13.23076923076923	22.56179775280899	16.359550561797754	33.19767441860465	19.419354838709676	35.473118279569896	12.34920634920635	18.03846153846154	15.89247311827957	18.91891891891892	3.819672131147541	7.666666666666667	2.827956989247312	5.924731182795699	0.0	16.790697674418606	18.985294117647058	8.688172043010752	33.025	55.5679012345679	8.371794871794872	6.161290322580645	2.6236559139784945	0.0	4.978494623655914	2.5913978494623655
S200_Ribosomal_S2_273426	100.0	Bacteria	Bacteroidota	Bacteroidia	Bacteroidales	Bacteroidaceae	Bacteroides	Bacteroides uniformis	0.0	0.0	0.0	44.67941176470588	14.33128078817734	1.0863309352517985	158.04	36.668103448275865	200.08798882681563	90.01646706586827	25.88917197452229	74.04355108877722	24.916071428571428	10.21584699453552	1.0170731707317073	6.58235294117647	46.75423728813559	11.064676616915422	0.9151079136690647	0.0	40.66231884057971	33.96556671449068	16.582829504232166	16.916666666666668	16.570412517780937	1.9916067146282974	28.667132867132867	13.247831474597273	2.424812030075188	7.021917808219178	12.783132530120483	1.4543689320388349	1.0467980295566504	14.152215799614643	10.457957957957959	18.14388489208633	3.9112709832134294
S200_Ribosomal_S2_245780	100.0	Bacteria	Bacillota_A	Clostridia	Oscillospirales	None	None	None	0.0	0.0	12.333333333333334	0.0	0.0	0.0	0.0	0.0	0.0	0.0	0.0	0.0	0.0	0.0	0.0	0.0	6.714285714285714	8.203703703703704	0.0	0.0	4.158536585365853	18.375	0.0	0.21296296296296297	0.0	8.88888888888889	12.233333333333333	0.0	0.0	0.0	2.925925925925926	0.26851851851851855	4.155339805825243	0.0	0.0	4.87962962962963	3.9074074074074074
S200_Ribosomal_S2_266778	100.0	Bacteria	Bacteroidota	Bacteroidia	Bacteroidales	Tannerellaceae	Parabacteroides	None	0.0	0.0	0.0	9.811475409836065	1.2349726775956285	0.0	2.459016393442623	5.35408560311284	3.6038251366120218	13.118518518518519	1.5737704918032787	23.53448275862069	1.3442622950819672	5.748633879781421	0.0	8.659003831417625	8.400552486187845	0.7786885245901639	6.658469945355192	4.4316939890710385	11.814814814814815	8.42896174863388	58.03831417624521	45.59340659340659	25.10803324099723	2.984189723320158	19.568773234200744	0.0	0.0	2.9515669515669516	2.8172757475083055	2.1065573770491803	0.0	0.0	0.0	3.127659574468085	0.030054644808743168
S200_Ribosomal_S2_187419	100.0	Bacteria	Pseudomonadota	Alphaproteobacteria	RF32	CAG-239	51-20	51-20 sp001917175	0.0	0.0	0.0	0.0	0.0	0.0	9.323446327683616	0.0	0.0	0.0	0.0	0.0	0.0	0.0	0.0	0.0	0.0	0.0	0.0	0.0	0.0	0.0	0.0	0.0	0.0	0.0	0.0	2.504881450488145	0.0	0.0	0.0	0.0	0.0	0.0	0.0	0.0	0.0
S200_Ribosomal_S2_277536	98.0	Bacteria	Bacillota_A	Clostridia	Lachnospirales	Lachnospiraceae	Merdisoma	Merdisoma sp900066385	0.0	0.0	2.972318339100346	4.0	1.8054226475279107	0.0	21.645933014354068	1.796218487394958	8.61244019138756	10.201754385964913	0.445	7.520446096654275	6.79757785467128	5.453874538745388	1.7994579945799458	6.980263157894737	10.883445945945946	4.3726235741444865	13.52304964539007	3.2751004016064256	12.695412844036698	7.5103668261563	6.489795918367347	7.124050632911392	9.968523002421307	1.2083333333333333	10.21531100478469	1.6858054226475279	2.7624703087885987	24.634974533106963	3.9379310344827587	2.3582474226804124	2.900990099009901	1.5734597156398105	4.4140625	6.146252285191956	0.23125996810207336
S200_Ribosomal_S2_390179	100.0	Bacteria	Actinomycetota	Coriobacteriia	Coriobacteriales	Eggerthellaceae	Senegalimassilia	Senegalimassilia anaerobia	0.0	0.0	0.0	0.0	38.09230769230769	0.0	0.0	0.0	0.0	0.0	0.0	0.7876254180602007	23.042796005706133	19.650641025641026	16.078061911170927	11.2	3.6231884057971016	3.2843537414965986	6.5473856209150325	4.620915032679738	4.947955390334572	2.9719101123595504	10.806354009077156	9.398571428571428	23.59824046920821	27.785714285714285	17.58847184986595	0.0	0.0	0.0	19.418132611637347	18.75748502994012	13.921495327102804	0.8288100208768268	0.0	0.0	0.0
S200_Ribosomal_S2_46122	100.0	Bacteria	Bacteroidota	Bacteroidia	Bacteroidales	Rikenellaceae	Alistipes_A	Alistipes_A indistinctus	0.0	0.0	0.0	8.53201219512195	10.615844544095665	0.0	0.0	0.0	0.0	0.0	0.0	0.0	1.037037037037037	0.0	0.6898148148148148	0.0	0.0	0.0	0.0	0.0	0.0	0.0	0.0	0.0	9.477732793522268	32.351278600269175	31.977777777777778	4.9029374201788	3.886574074074074	0.0	0.0	0.0	0.0	2.334900117508813	0.0	0.0	0.0
S200_Ribosomal_S2_480307	100.0	Bacteria	Actinomycetota	Actinomycetia	Actinomycetales	Bifidobacteriaceae	Bifidobacterium	Bifidobacterium longum	0.0	0.0	23.440677966101696	48.80193236714976	26.059743954480798	750.2683923705722	145.1568296795953	205.84883720930233	83.82963988919667	114.85885486018641	7.7478849407783414	66.46133333333333	0.0	0.0	0.0	0.0	14.13838550247117	5.801351351351351	3.840287769784173	3.2267156862745097	34.17391304347826	16.479938271604937	46.26120358514725	24.58660844250364	22.404379562043797	199.43937007874015	18.599695585996955	38.09497206703911	112.34543010752688	0.690734055354994	0.0	0.0	0.0	9.127450980392156	5.802861685214626	2.1738525730180807	0.3925233644859813
S200_Ribosomal_S2_465973	100.0	Bacteria	Bacillota_A	Clostridia	Oscillospirales	Acutalibacteraceae	CAG-177	CAG-177 sp002438685	0.0	0.0	2.3444444444444446	27.962962962962962	0.0	0.0	0.0	0.0	0.0	0.0	0.0	0.0	15.163232963549921	10.004166666666666	0.22083333333333333	0.0	24.187679083094554	6.662921348314606	6.395498392282958	7.93312101910828	41.1625	28.956043956043956	44.81846635367762	33.33955857385399	5.8349834983498345	0.0	2.6646971935007384	0.0	0.0	0.0	13.332236842105264	5.109854604200323	1.992343032159265	54.42756183745583	101.83203125	124.58309037900875	54.42628774422735
S200_Ribosomal_S2_460854	100.0	Bacteria	Actinomycetota	Coriobacteriia	Coriobacteriales	Eggerthellaceae	Eggerthella	None	0.0	0.0	0.0	23.15774647887324	17.48493543758967	59.288300835654596	7.959128065395095	1.4135802469135803	4.7671480144404335	5.942708333333333	3.1724137931034484	1.089820359281437	0.0	0.8313953488372093	0.0	0.0	0.0	0.0	0.0	0.0	2.4677966101694917	1.32	1.7693282636248415	2.0461095100864553	3.377570093457944	6.259380097879283	8.258620689655173	1.5182186234817814	2.1051964512040557	0.38461538461538464	6.640625	1.7004310344827587	0.4066797642436149	2.1982142857142857	4.203065134099617	16.075928917609048	0.6850393700787402
S200_Ribosomal_S2_299574	100.0	Bacteria	Bacillota_A	Clostridia	Lachnospirales	Lachnospiraceae	Dorea_A	Dorea_A longicatena	0.0	0.0	30.66509433962264	18.225266362252665	22.077041602465332	0.0	79.2981455064194	323.33062330623306	57.737127371273715	67.80423280423281	65.32574679943102	149.40650406504065	302.2764976958525	248.36894586894587	293.9634146341463	256.80582524271847	109.25068870523415	31.831238779174146	165.93197278911563	111.50068027210884	177.52802359882006	71.93885869565217	337.4267716535433	232.53048780487805	60.7298937784522	43.90160642570281	124.38568935427574	22.043875685557587	201.81134969325154	165.22136222910217	27.212290502793294	65.85365853658537	12.42382271468144	157.9026687598116	129.59656652360516	125.32033898305085	30.111464968152866
S200_Ribosomal_S2_139320	100.0	Bacteria	Bacillota_A	Clostridia	Oscillospirales	Ruminococcaceae	Ruthenibacterium	Ruthenibacterium lactatiformans	0.0	0.0	0.0	0.013513513513513514	0.0	0.0	5.018018018018018	0.0	1.1981981981981982	0.0	0.0	0.0	1.4414414414414414	0.0	1.2567567567567568	0.0	0.0	0.0	0.0	0.0	0.0	3.1486486486486487	0.0	0.0	1.9009009009009008	1.3063063063063063	0.0	0.0	0.0	0.0	4.617117117117117	0.0	0.0	0.0	0.0	0.0	0.0
S200_Ribosomal_S2_446006	100.0	Bacteria	Bacillota_A	Clostridia	Oscillospirales	Butyricicoccaceae	Agathobaculum	Agathobaculum butyriciproducens	0.0	0.0	85.17880794701986	23.958677685950413	8.689320388349515	0.0	82.6412213740458	90.17081260364843	51.056872037914694	23.38489871086556	51.37947122861586	62.4396694214876	29.976744186046513	26.79245283018868	2.6942148760330578	2.5346534653465347	23.97962648556876	7.219941348973607	27.527977044476327	18.58307210031348	40.7167530224525	31.084375	59.83851851851852	46.308035714285715	12.489731437598737	11.976744186046512	23.116788321167885	55.94059405940594	51.59298780487805	62.77164179104478	36.745098039215684	33.35071942446043	40.574961360123645	30.470967741935485	28.660485021398003	9.492586490939045	10.392351274787535
S200_Ribosomal_S2_490042	100.0	Bacteria	Bacillota_A	Clostridia	Lachnospirales	Lachnospiraceae	Blautia_A	Blautia_A sp902782975	0.0	0.0	53.44927536231884	22.201834862385322	12.722689075630251	297.1021897810219	119.76811594202898	256.536231884058	49.41304347826087	190.68840579710144	110.64925373134328	290.27536231884056	433.5036496350365	434.9485294117647	418.68840579710144	279.963768115942	67.57971014492753	15.417391304347825	181.7246376811594	110.69343065693431	177.5	115.07971014492753	166.731884057971	141.92028985507247	58.88321167883212	40.507246376811594	47.03623188405797	46.594202898550726	131.8978102189781	170.18840579710144	98.9927536231884	9.137614678899082	9.903846153846153	73.01449275362319	59.91304347826087	98.93478260869566	27.483333333333334
S200_Ribosomal_S2_95803	100.0	Bacteria	Bacillota_A	Clostridia	Lachnospirales	Lachnospiraceae	Butyribacter	Butyribacter sp003529475	0.0	0.0	0.0	0.0	0.0	0.0	47.54649265905383	1.785615491009682	6.573402417962003	2.3374827109266945	0.0	30.423208191126278	0.0	1.9917898193760262	0.0	0.6334716459197787	9.277856135401974	2.708754208754209	0.0	5.406392694063927	9.651603498542274	1.2959558823529411	0.6980108499095841	1.565217391304348	0.0	0.0	0.0	0.0	0.0	0.0	0.0	0.0	0.0	0.0	0.0	5.059659090909091	3.2127659574468086
S200_Ribosomal_S2_184383	100.0	Bacteria	Bacillota_A	Clostridia	Oscillospirales	Oscillospiraceae	Evtepia	None	0.0	0.0	5.481171548117155	18.471502590673577	16.195121951219512	0.0	0.0	0.0	10.606382978723405	15.215116279069768	7.2548076923076925	20.597122302158272	42.858846918489064	31.834801762114537	22.4030131826742	27.092337917485267	20.307875894988065	3.871794871794872	36.756410256410255	16.395833333333332	24.717190388170057	11.945344129554655	22.866666666666667	17.006237006237008	37.61913696060037	13.464895635673624	38.706563706563706	19.680851063829788	9.161904761904761	10.93861386138614	41.07852564102564	22.341346153846153	18.061965811965813	49.47377622377623	49.93090909090909	27.618721461187214	4.266365688487585
S200_Ribosomal_S2_386112	100.0	Bacteria	Actinomycetota	Actinomycetia	Actinomycetales	Bifidobacteriaceae	Bifidobacterium	Bifidobacterium adolescentis	0.0	0.0	326.6176100628931	0.0	184.61605584642234	243.8933823529412	0.0	145.54772393538914	59.44940476190476	149.97687861271677	458.78821656050957	223.55313700384124	21.386327503974563	8.878991596638656	21.729106628242075	9.1957928802589	25.608757062146893	15.142131979695431	20.702570379436963	22.49824561403509	89.17685305591678	57.73260073260073	179.0624071322437	158.93682795698925	0.0	677.2554744525547	279.1821705426357	373.4887714663144	1602.3559322033898	829.306784660767	595.6812030075188	426.41726618705036	272.7813765182186	662.5471428571428	623.9697885196375	469.7647887323944	231.28865979381445
S200_Ribosomal_S2_440896	100.0	Bacteria	Bacillota_A	Clostridia	Christensenellales	CAG-74	Ventricola	None	0.0	0.0	0.9904076738609112	5.933962264150943	9.100719424460431	0.0	2.9544364508393284	0.0	0.0	0.0	0.0	0.0	28.53868194842407	29.35369774919614	17.74580335731415	22.60931899641577	14.652542372881356	3.0725552050473186	22.31560283687943	12.56637168141593	12.695924764890282	5.11986301369863	1.2446043165467626	1.223728813559322	8.227817745803357	4.393285371702638	9.40625	4.973053892215569	2.774774774774775	2.5943060498220643	12.991477272727273	18.529891304347824	6.260061919504644	14.046931407942239	19.897018970189702	7.228668941979522	9.60969387755102
S200_Ribosomal_S2_297031	98.9	Bacteria	Bacillota	Bacilli	Erysipelotrichales	Erysipelotrichaceae	Holdemanella	None	0.0	0.0	24.383480825958703	0.0	0.0	0.0	0.0	0.0	0.0	0.0	0.0	0.0	274.07795100222717	227.41729323308272	155.55030800821356	112.60332541567696	66.86826347305389	18.0521327014218	316.29227557411275	164.78695652173914	118.0308056872038	67.20116054158608	131.37291666666667	116.52390438247012	19.503663003663004	37.54077253218884	22.78481012658228	40.528541226215644	328.0045977011494	98.90379746835443	21.894093686354378	30.433085501858734	16.465696465696464	0.0	0.0	0.0	0.0
S200_Ribosomal_S2_259657	100.0	Bacteria	Bacillota_A	Clostridia	Oscillospirales	Acutalibacteraceae	Fimenecus	Fimenecus sp000432435	0.0	0.0	0.0	25.70949720670391	20.46234309623431	0.0	0.0	0.0	0.0	0.0	0.0	0.0	2.103253182461103	0.0	7.049034175334324	12.860550458715597	65.1404833836858	36.06721536351166	102.58149779735683	45.9126213592233	14.591160220994475	14.748837209302325	140.87138263665594	94.58878504672897	84.79059180576631	73.75621890547264	118.99560761346999	7.196581196581197	41.541666666666664	32.916666666666664	31.54351145038168	68.67811158798283	19.217675941080195	0.0	0.0	0.0	0.0
S200_Ribosomal_S2_489038	100.0	Bacteria	Bacillota_A	Clostridia	Oscillospirales	Ruminococcaceae	Gemmiger	None	0.0	0.0	83.33052039381154	60.314900153609834	23.91949152542373	1265.8330373001777	0.0	206.44024205748866	183.96103896103895	139.44821731748726	120.18923933209648	198.6023102310231	156.60067681895094	166.5435114503817	61.910969793322735	71.55336617405582	30.653169014084508	6.723076923076923	51.28611111111111	37.14035087719298	55.64234620886982	39.02571428571429	84.63174114021572	56.16883116883117	136.79641693811075	0.7285974499089253	66.6751879699248	171.55752212389382	302.98763250883394	328.2351145038168	58.327354260089685	27.580265095729015	42.598673300165835	123.44121915820028	109.50741350906095	124.99652777777777	76.17263843648209
S200_Ribosomal_S2_474192	100.0	Bacteria	Bacillota_A	Clostridia	Oscillospirales	Oscillospiraceae	Dysosmobacter	None	0.0	0.0	1.7692307692307692	15.168498168498168	17.04605263157895	0.0	0.0	0.0	0.0	0.0	3.871794871794872	0.0	4.1923076923076925	1.2307692307692308	2.0036630036630036	0.0	3.506666666666667	1.8278388278388278	0.0	2.249084249084249	2.8461538461538463	8.75092936802974	2.1794871794871793	0.9655172413793104	27.09090909090909	6.202952029520295	54.610328638497656	24.582417582417584	2.065934065934066	2.9491525423728815	46.227106227106226	12.316037735849056	6.670329670329671	12.044642857142858	5.164383561643835	6.753012048192771	2.0183150183150182
S200_Ribosomal_S2_335445	99.6	Bacteria	Bacteroidota	Bacteroidia	Bacteroidales	Barnesiellaceae	Barnesiella	Barnesiella intestinihominis	0.0	0.0	0.0	5.873501997336884	3.408433734939759	0.0	0.0	0.0	0.0	0.0	0.0	0.0	0.0	0.0	0.0	0.0	0.0	0.0	0.0	0.0	66.71297709923664	33.31177446102819	0.0	1.3176795580110496	34.423337856173674	28.61515601783061	48.59822747415066	5.86624203821656	0.0	9.899484536082474	1.2396486825595985	0.0	0.0	8.59279038718291	3.1336573511543135	27.44838212634823	2.2449748743718594
S200_Ribosomal_S2_262744	100.0	Bacteria	Bacillota_A	Clostridia	Lachnospirales	Lachnospiraceae	Agathobacter	None	0.0	0.0	0.0	0.0	0.0	0.0	235.8006230529595	86.003120124805	161.64953271028037	47.564516129032256	38.813121272365805	260.4563552833078	124.1001564945227	135.88973966309342	126.21247563352827	153.98033707865167	48.13782542113323	17.79111842105263	162.13452188006482	106.65935919055649	6.591078066914498	6.9873096446700504	201.09700427960058	173.77777777777777	19.32902298850575	200.670796460177	103.35690789473684	5.66955266955267	5.6299212598425195	192.17275747508305	24.984848484848484	63.87517146776406	57.42877094972067	16.335078534031414	14.029850746268657	56.487266553480474	17.721062618595827
S200_Ribosomal_S2_431704	100.0	Bacteria	Bacillota_A	Clostridia	Lachnospirales	Lachnospiraceae	Ruminococcus_B	Ruminococcus_B gnavus	0.0	0.0	0.0	4.832	0.0	190.67168674698794	1.0617696160267112	1.5740402193784278	2.3893333333333335	1.1821493624772312	0.0	3.803754266211604	0.7279236276849642	2.48381601362862	10.458666666666666	14.029333333333334	0.0	0.0	0.513671875	0.0	0.0	0.0	0.0	0.0	1.1266666666666667	0.0	0.0	0.0	0.9478260869565217	1.2350936967632027	1.192	0.0	0.0	0.6762452107279694	0.0	1.0066666666666666	0.0
S200_Ribosomal_S2_365150	100.0	Bacteria	Bacteroidota	Bacteroidia	Bacteroidales	Rikenellaceae	Alistipes	Alistipes shahii	0.0	0.0	1.1547479484173506	33.51720047449585	28.298004987531172	0.0	0.0	0.0	11.723889555822328	7.654411764705882	0.0	1.0844444444444445	12.474226804123711	6.432402234636871	0.0	5.126853377265239	7.858231707317073	3.646892655367232	1.0969044414535667	6.34280303030303	72.80450070323488	57.61294583883752	29.74214659685864	17.236129032258063	22.51222222222222	41.54479768786127	25.964137931034482	31.961333333333332	4.098888888888889	4.055737704918033	54.068212824010914	17.3936	12.811842105263159	21.695955369595538	19.8542600896861	46.30401034928849	9.530927835051546
S200_Ribosomal_S2_246879	100.0	Bacteria	Bacillota_A	Clostridia	Peptostreptococcales	Anaerovoracaceae	Zhenpiania	None	0.0	0.0	0.0	0.0	0.5909090909090909	0.0	11.534090909090908	0.0	0.0	0.0	0.0	0.0	0.0	0.0	0.0	0.0	0.0	0.0	0.0	0.0	1.9393939393939394	0.0	5.045454545454546	0.0	0.5113636363636364	0.0	0.0	0.0	0.0	0.0	0.0	0.0	0.0	0.0	0.0	0.0	0.0
S200_Ribosomal_S2_168546	100.0	Bacteria	Bacillota_A	Clostridia	Lachnospirales	Lachnospiraceae	Eisenbergiella	Eisenbergiella sp900066775	0.0	0.0	3.6233595800524934	3.5078014184397164	5.284776902887139	0.0	12.973101265822784	1.4291338582677164	4.2701149425287355	0.0	0.0	0.6761363636363636	56.34763313609467	49.213523131672595	3.8781793842034804	1.8490813648293962	4.151702786377709	1.5656167979002624	29.368141592920352	17.26990553306343	6.761437908496732	5.076804915514593	8.604918032786886	3.973025048169557	23.54953560371517	0.0	5.375249500998004	6.489501312335958	5.047297297297297	1.7009345794392523	24.693907875185737	60.56556082148499	1.1957585644371942	146.50235478806908	120.16797900262468	116.16826265389876	54.91276252019386
S200_Ribosomal_S2_3178	99.6	Bacteria	Bacillota_A	Clostridia	Lachnospirales	Lachnospiraceae	Blautia_A	None	0.0	0.0	0.0	0.0	0.0	42.27694406548431	7.240963855421687	0.0	0.0	0.0	0.0	0.622568093385214	0.0	0.0	0.0	0.3199152542372881	0.0	0.0	0.0	0.0	0.0	0.0	0.0	0.0	0.6194852941176471	0.0	1.0282317979197622	0.0	0.0	0.0	0.0	0.0	0.0	0.0	0.0	0.0	0.0
S200_Ribosomal_S2_493675	100.0	Bacteria	Bacillota	Bacilli	Lactobacillales	Streptococcaceae	Streptococcus	Streptococcus pasteurianus	0.0	0.0	0.0	0.0	0.0	23.4047976011994	0.0	0.0	0.0	0.0	0.7630208333333334	0.0	0.0	0.5445134575569358	1.1910331384015596	0.7218045112781954	1.0934393638170974	0.0	2.7841140529531567	3.2576271186440677	5.4389799635701275	3.7422680412371134	5.1162361623616235	2.6691449814126393	0.22062350119904076	0.5008103727714749	0.0	0.0	0.0	0.0	0.0	0.0	0.0	0.9440894568690096	0.0	0.0	0.0
S200_Ribosomal_S2_317548	99.3	Bacteria	Bacillota_A	Clostridia	Lachnospirales	Lachnospiraceae	Choladousia	Choladousia sp902363135	0.0	0.0	5.528901734104046	0.6192052980132451	3.6300578034682083	0.0	11.434782608695652	1.2108843537414966	1.1791383219954648	1.9954648526077097	1.8959537572254335	1.9002267573696145	23.474666666666668	23.03787878787879	25.77777777777778	20.140552995391705	4.173469387755102	3.1666666666666665	10.800664451827242	18.71105527638191	18.593406593406595	9.430379746835444	9.266666666666667	12.201814058956916	2.466666666666667	10.55	8.621315192743765	0.0	7.354938271604938	8.324766355140186	14.51603498542274	7.2075471698113205	0.7728706624605678	14.632302405498281	8.095238095238095	11.145124716553289	0.8397212543554007
S200_Ribosomal_S2_257133	100.0	Bacteria	Bacteroidota	Bacteroidia	Bacteroidales	UBA932	Cryptobacteroides	Cryptobacteroides sp000433355	0.0	0.0	23.8233918128655	0.0	0.0	0.0	0.0	0.0	0.0	0.0	0.0	0.0	0.0	0.0	0.0	0.0	0.0	0.0	0.0	0.0	0.0	0.0	0.0	0.0	0.0	0.0	0.0	0.0	0.0	0.0	457.95073235685754	213.2379269729093	72.19099590723056	0.0	0.0	0.0	0.0
S200_Ribosomal_S2_8298	100.0	Bacteria	None	None	None	None	None	None	0.0	0.0	1.171875	2.9505409582689337	37.958630527817405	64.35955056179775	53.70277410832232	56.30579710144927	8.388254486133768	71.95477386934674	5.923444976076555	54.68904593639576	297.9345509893455	328.7294117647059	700.0153846153846	500.38709677419354	68.80456490727532	22.621035058430717	62.833034111310596	47.912479740680716	232.89985272459498	110.15957446808511	605.5870253164557	516.0797872340426	30.76083467094703	52.23142857142857	32.54081632653061	3.8359941944847606	74.93623188405797	17.473988439306357	0.0	0.0	0.0	1.9609375	0.0	1.309593023255814	0.0
S200_Ribosomal_S2_170607	100.0	Bacteria	Bacillota_A	Clostridia	Oscillospirales	Ruminococcaceae	Faecalibacterium	None	0.0	0.0	46.99598393574297	94.87555555555555	143.35164835164835	64.43023255813954	143.01702127659576	175.30364372469634	117.60162601626017	162.06437768240343	59.11057692307692	140.84455958549222	144.224043715847	174.94886363636363	151.26553672316385	146.5625	72.63178294573643	24.251937984496124	103.98536585365854	68.97211155378486	111.5906976744186	69.30416666666666	65.57364341085271	66.0	59.6551724137931	42.02030456852792	118.7183908045977	55.58730158730159	91.14285714285714	108.41441441441441	95.18972332015811	19.345971563981042	23.841836734693878	77.35051546391753	71.34722222222223	67.448	34.08465608465608
S200_Ribosomal_S2_544362	100.0	Bacteria	Bacillota_A	Clostridia	Oscillospirales	Ruminococcaceae	Faecalibacterium	None	0.0	0.0	133.80645161290323	151.51359516616313	91.55147058823529	0.0	190.34015345268543	977.9754601226994	620.5	533.58310626703	130.18333333333334	418.8181818181818	370.3578947368421	368.6803278688525	125.70098039215686	159.04901960784315	176.632	112.25290697674419	374.8283378746594	262.7087628865979	538.0138504155125	336.9364161849711	313.34090909090907	294.27485380116957	386.2388888888889	85.54889589905363	298.9501661129568	137.44117647058823	83.54891304347827	215.66666666666666	399.527950310559	116.69172932330827	49.68395061728395	138.92351274787535	117.27374301675978	95.20802005012531	65.8005540166205
S200_Ribosomal_S2_55410	98.6	Bacteria	Bacillota_A	Clostridia	Lachnospirales	Lachnospiraceae	Merdisoma	None	0.0	0.0	0.5152284263959391	1.9183168316831682	3.4420289855072466	258.03079710144925	0.0	0.0	0.0	0.0	0.8134057971014492	0.0	0.0	1.7192028985507246	0.0	0.0	2.9844054580896686	0.0	0.0	0.0	0.0	1.4896907216494846	0.0	0.0	0.0	1.2015355086372361	0.0	0.0	0.0	0.0	4.192796610169491	1.1195652173913044	0.0	0.0	0.6673511293634496	2.123456790123457	1.193840579710145
S200_Ribosomal_S2_523380	99.6	Bacteria	Bacillota_A	Clostridia	Lachnospirales	Lachnospiraceae	Oliverpabstia	Oliverpabstia intestinalis	0.0	0.0	13.151631477927063	14.985507246376812	13.137989778534923	121.16666666666667	69.13983050847457	97.14008941877795	46.59701492537314	103.54471544715447	29.293706293706293	143.63317384370015	214.3815789473684	162.87666666666667	151.56338028169014	94.80463576158941	39.61580882352941	14.726677577741407	180.3494983277592	93.63310580204778	73.14180478821363	40.415241057542765	92.37464788732395	66.44264943457189	8.462639109697934	11.355095541401274	13.449297971918877	8.794037940379404	73.98676470588235	34.50457317073171	6.4302554027504915	28.146978021978022	5.612804878048781	97.93775933609959	88.1919191919192	31.01049475262369	13.030063291139241
S200_Ribosomal_S2_358005	100.0	Bacteria	Actinomycetota	Actinomycetia	Actinomycetales	Actinomycetaceae	Pauljensenia	Pauljensenia sp916439125	0.0	0.0	1.689795918367347	6.899803536345776	5.546370967741935	6.47489539748954	2.078189300411523	21.22077922077922	3.3557858376511227	1.3125	0.5664939550949913	4.015544041450777	7.682983682983683	2.4340425531914893	4.075892857142857	5.899803536345776	6.343157894736842	0.8623188405797102	23.876543209876544	4.38302752293578	3.2731277533039647	1.8359240069084628	10.022452504317789	2.989637305699482	0.0	2.215889464594128	0.0	0.0	0.6910377358490566	0.0	0.0	0.0	0.5959079283887468	0.0	0.0	0.8860103626943006	0.0
S200_Ribosomal_S2_274552	100.0	Bacteria	Bacillota_C	Negativicutes	Selenomonadales	Selenomonadaceae	Mitsuokella	None	0.0	0.0	79.47179487179487	0.0	39.12994350282486	0.0	0.0	0.0	0.0	0.0	0.0	0.0	0.4132231404958678	0.0	0.0	0.0	14.866666666666667	5.704099821746881	47.25242718446602	40.36932707355243	40.35157545605307	13.192727272727273	26.050185873605948	36.868044515103335	0.0	0.0	0.0	0.0	0.0	0.0	0.0	0.0	0.0	0.0	0.0	0.0	0.0
S200_Ribosomal_S2_143995	100.0	Bacteria	Bacillota_A	Clostridia	Oscillospirales	Oscillospiraceae	Evtepia	Evtepia sp004556345	0.0	0.0	3.3251533742331287	9.657657657657658	1.685483870967742	0.0	0.0	0.0	11.734234234234235	22.47747747747748	10.121621621621621	13.801801801801801	29.05389221556886	33.08163265306123	9.967479674796747	34.410714285714285	9.26126126126126	1.3153153153153154	23.959537572254334	3.0150753768844223	30.377450980392158	24.596026490066226	33.859756097560975	8.45945945945946	17.85135135135135	1.7382198952879582	15.373563218390805	22.103448275862068	9.565217391304348	11.756756756756756	11.707317073170731	11.018018018018019	7.513513513513513	27.766467065868262	31.935294117647057	5.112244897959184	2.4954954954954953
S200_Ribosomal_S2_293500	100.0	Bacteria	Bacillota_A	Clostridia	Lachnospirales	Lachnospiraceae	Blautia_A	None	0.0	0.0	29.640366972477064	93.73669467787114	38.183254344391784	1338.155887230514	82.51067961165049	62.42443729903537	18.80442176870748	33.70233196159122	16.87569573283859	32.38607594936709	78.8827067669173	67.20488721804512	43.19329073482428	47.624629080118694	116.66060606060606	47.47466216216216	159.03986710963454	101.6561403508772	123.13272727272727	62.22083981337481	119.24787775891342	85.40393343419062	31.853312302839118	26.624801271860097	34.68175388967468	13.477519379844962	57.091454272863565	63.29970760233918	17.240829346092504	41.99126637554585	7.928166351606805	22.578241430700448	26.512307692307694	7.733137829912024	2.0017152658662094
S200_Ribosomal_S2_21499	100.0	Bacteria	Bacteroidota	Bacteroidia	Bacteroidales	Bacteroidaceae	Prevotella	None	0.0	0.0	47.2562962962963	511.7377358490566	263.36138613861385	0.0	0.0	0.0	0.0	0.0	0.0	0.0	137.06610169491526	137.48327137546468	69.85693215339234	120.84883720930233	1202.6360225140713	611.0614617940199	126.70797962648557	98.76086956521739	201.14678899082568	111.89010989010988	161.55748373101952	268.18578352180936	209.00822368421052	33.8130081300813	290.02338129496405	184.78993055555554	212.3327205882353	645.0666666666667	14.786435786435787	4.107913669064748	6.759090909090909	15.0832	5.321969696969697	310.92706333973126	119.04220779220779
S200_Ribosomal_S2_383115	100.0	Bacteria	None	None	None	None	None	None	0.0	0.0	1.7425742574257426	20.16	16.261363636363637	0.0	108.3076923076923	13.491525423728813	8.495238095238095	19.88659793814433	2.618556701030928	14.523364485981308	22.666666666666668	27.247311827956988	3.4031007751937983	18.68217054263566	30.40983606557377	26.124031007751938	29.82758620689655	24.1340206185567	8.96103896103896	9.2734375	5.382716049382716	6.069767441860465	11.015503875968992	0.0	6.449612403100775	25.38372093023256	25.33050847457627	23.906976744186046	32.1875	1.1071428571428572	2.116279069767442	12.790697674418604	9.64367816091954	19.130434782608695	27.566666666666666
S200_Ribosomal_S2_280206	99.0	Bacteria	None	None	None	None	None	None	0.0	0.0	0.0	0.0	2.0134680134680134	20.362903225806452	0.0	8.469090909090909	8.026936026936028	54.46218487394958	1.9023569023569022	26.836575875486382	41.74747474747475	68.24107142857143	21.342629482071715	11.612794612794612	0.3092105263157895	0.9764309764309764	38.401069518716575	24.437037037037037	12.734006734006734	1.20625	6.101010101010101	2.8282828282828283	0.0	0.0	1.34006734006734	0.0	0.0	0.0	0.0	0.0	0.0	0.0	0.0	0.0	0.0
S200_Ribosomal_S2_12947	100.0	Bacteria	Bacillota_A	Clostridia	Lachnospirales	Lachnospiraceae	None	None	0.0	0.0	8.76271186440678	5.022598870056497	2.361581920903955	0.0	0.7288135593220338	0.0	0.0	0.0	0.0	0.0	1.0225988700564972	11.135593220338983	0.0	3.402684563758389	8.882352941176471	11.430656934306569	7.2631578947368425	4.55625	0.4519774011299435	3.8022598870056497	3.9058823529411764	4.93006993006993	3.8066666666666666	1.5480225988700564	1.6384180790960452	0.0	0.0	0.0	37.31210191082803	1.0847457627118644	25.0	12.677966101694915	17.522058823529413	14.5859375	3.0
S200_Ribosomal_S2_494739	100.0	Bacteria	Bacillota	Bacilli	Erysipelotrichales	Erysipelotrichaceae	Holdemanella	None	0.0	0.0	30.555984555984555	0.0	0.0	0.0	0.0	0.0	0.0	0.0	0.0	0.0	254.76727272727274	240.52650176678446	183.16728624535315	148.04682274247492	68.59288537549408	7.23961661341853	370.9483394833948	206.68196721311475	107.58904109589041	61.322784810126585	152.16554054054055	107.75438596491227	20.705263157894738	53.984674329501914	25.548936170212766	70.31906614785993	337.81853281853284	141.90804597701148	21.082539682539682	33.319148936170215	9.583333333333334	0.0	0.0	0.0	0.0
S200_Ribosomal_S2_255635	99.6	Bacteria	Bacillota_A	Clostridia	Oscillospirales	Oscillospiraceae	CAG-103	CAG-103 sp900543625	0.0	0.0	9.579298831385643	4.270015698587128	13.211822660098521	0.0	0.0	1.5645933014354068	15.663120567375886	23.738816738816737	13.654166666666667	22.07377049180328	17.693055555555556	7.7655677655677655	0.0	2.293846153846154	33.32608695652174	7.7935483870967746	29.67153284671533	30.96769456681351	96.69926199261992	73.01754385964912	43.150227617602425	27.409470752089135	58.00171526586621	8.067340067340067	24.047619047619047	165.40955631399316	13.858333333333333	22.59877800407332	228.23636363636365	47.858546168958746	32.447272727272725	32.007827788649706	39.62218045112782	59.6289592760181	28.767195767195766
S200_Ribosomal_S2_252057	100.0	Bacteria	Pseudomonadota	Gammaproteobacteria	Enterobacterales_A	Pasteurellaceae	Haemophilus_D	None	0.0	0.0	1.8852005532503457	8.79944674965422	0.0	8.63225806451613	0.0	0.0	0.0	17.738140417457306	0.0	0.0	2.9279112754158967	3.013840830449827	123.78309409888357	54.73996175908222	9.054744525547445	3.7413554633471646	177.78233438485805	114.34803149606299	16.20689655172414	4.39799331103679	24.24848484848485	30.836601307189543	0.0	0.0	0.0	0.0	2.1175656984785616	0.0	0.0	0.0	0.0	0.0	0.0	0.0	0.0
S200_Ribosomal_S2_126106	100.0	Bacteria	Bacillota_A	Clostridia	Oscillospirales	Acutalibacteraceae	UBA1417	None	0.0	0.0	42.227409638554214	2.320855614973262	9.801941747572815	0.0	0.0	20.188197767145134	46.68472906403941	81.65040650406505	17.616666666666667	35.66959578207381	21.9264	9.427868852459016	7.2404692082111435	10.372628726287262	4.167375886524822	4.847953216374269	244.39767779390422	157.0	52.44476744186046	34.20918367346939	17.254931714719273	8.135220125786164	40.22140221402214	11.569400630914826	10.844221105527637	0.9092140921409214	2.75	1.4665226781857452	17.58103448275862	29.274084124830395	2.9645061728395063	56.08909370199693	66.20863309352518	84.50967741935484	50.005532503457815
S200_Ribosomal_S2_419485	98.7	Bacteria	Bacillota_A	Clostridia	Lachnospirales	Lachnospiraceae	Lachnospira	Lachnospira sp019424245	0.0	0.0	7.001724137931035	2.294197031039136	0.0	1.205128205128205	23.53793103448276	7.14622641509434	3.5400696864111496	15.48913043478261	0.8976261127596439	28.279752704791346	1.9946018893387314	0.0	0.6194331983805668	0.0	64.59154929577464	24.780439121756487	16.912451361867703	4.713310580204778	10.309597523219814	4.308571428571429	10.003058103975535	5.569707401032702	4.753731343283582	2.7682481751824817	14.004424778761061	0.0	0.0	0.0	2.2620689655172415	0.0	1.088135593220339	0.0	0.6114790286975718	8.171597633136095	2.11336032388664
S200_Ribosomal_S2_417952	99.6	Bacteria	Bacillota_A	Clostridia	Lachnospirales	Lachnospiraceae	Hominisplanchenecus	None	0.0	0.0	10.78978978978979	0.0	0.3401360544217687	0.0	102.2526158445441	193.31616341030195	53.92869269949066	175.00530973451328	70.99727891156462	189.52236135957065	22.958115183246072	13.698841698841699	14.696629213483146	20.514096185737976	2.063197026022305	1.5072	14.803405572755418	3.09979633401222	16.456	8.937369519832986	1.6394557823129252	0.7047619047619048	39.75377643504532	1.1277777777777778	3.054441260744986	27.844604316546764	71.99570200573066	21.41768707482993	3.4645441389290883	2.2911392405063293	4.307482993197279	13.0	8.574043261231282	8.884745762711864	5.189944134078212
S200_Ribosomal_S2_276130	96.3	Bacteria	Bacillota_A	Clostridia	Lachnospirales	Lachnospiraceae	Clostridium_Q	Clostridium_Q fessum	0.0	0.0	7.29320987654321	3.5709876543209877	10.00925925925926	0.0	0.9320987654320988	17.573275862068964	14.528455284552846	15.459876543209877	3.5901639344262297	2.302521008403361	4.017021276595744	2.1141975308641974	46.71641791044776	30.737654320987655	8.54320987654321	6.108196721311476	16.884984025559106	0.9320987654320988	3.2777777777777777	0.0	9.311728395061728	6.9907407407407405	7.323899371069182	1.0709876543209877	27.984732824427482	8.331858407079647	17.312101910828027	34.40418118466899	5.771604938271605	9.518518518518519	6.495495495495495	0.0	0.0	3.062937062937063	5.117283950617284
S200_Ribosomal_S2_501923	100.0	Bacteria	Bacillota_A	Clostridia	Oscillospirales	Ruminococcaceae	Faecalibacterium	None	0.0	0.0	48.35042735042735	56.68103448275862	145.8121212121212	0.0	37.22380952380952	320.1939393939394	152.05517241379312	112.81623931623932	57.98290598290598	144.73504273504273	104.22649572649573	88.11111111111111	45.127272727272725	33.414529914529915	97.52136752136752	29.26923076923077	176.9957264957265	153.4188034188034	228.23502304147465	162.48958333333334	177.13636363636363	99.64529914529915	80.66666666666667	28.44017094017094	46.95132743362832	63.020833333333336	73.73076923076923	82.78632478632478	105.73931623931624	29.816239316239315	11.051546391752577	80.85897435897436	77.24786324786325	41.085470085470085	55.64804469273743
S200_Ribosomal_S2_346274	100.0	Bacteria	Bacillota_A	Clostridia	Oscillospirales	Acutalibacteraceae	UMGS1491	UMGS1491 sp900554775	0.0	0.0	19.330903790087465	0.0	0.0	0.0	0.0	0.0	0.0	0.0	0.0	0.0	0.0	0.0	0.0	0.0	0.0	0.0	0.0	0.0	0.0	0.0	0.0	0.0	0.0	0.0	0.0	0.0	0.0	0.0	0.0	0.0	0.0	0.0	0.0	0.0	0.0
S200_Ribosomal_S2_3240	100.0	Bacteria	Bacteroidota	Bacteroidia	Bacteroidales	Marinifilaceae	Odoribacter	Odoribacter splanchnicus	0.0	0.0	0.6061728395061728	4.287654320987654	1.6963636363636363	0.0	0.0	0.0	0.0	0.0	0.0	0.0	1.4074074074074074	1.6439169139465875	0.0	0.0	3.8932806324110674	5.875471698113207	0.0	0.0	12.798270893371757	1.913533834586466	0.15679012345679014	1.8180212014134276	3.747159090909091	1.1123456790123456	12.923076923076923	1.551440329218107	1.2251572327044025	0.0	2.3801020408163267	1.2308641975308643	0.0	0.825925925925926	0.0	1.1668965517241379	0.0
S200_Ribosomal_S2_505004	100.0	Bacteria	Actinomycetota	Coriobacteriia	Coriobacteriales	Coriobacteriaceae	Collinsella	None	0.0	0.0	134.65333333333334	114.07777777777778	344.5139911634757	543.8109028960818	147.79321486268174	342.6809917355372	75.39043209876543	178.9143686502177	133.37482710926693	195.47058823529412	320.16693679092384	292.1841584158416	309.68833087149187	278.9065934065934	143.42899408284023	71.54440154440154	324.267053701016	293.38677685950415	195.7411575562701	153.5774378585086	328.3176470588235	254.7341211225997	0.6869158878504673	1.6470588235294117	3.569141193595342	395.77185185185186	432.5021398002853	489.18035714285713	419.0561797752809	507.5787610619469	161.65975820379967	554.7216494845361	399.0680628272251	410.48419540229884	157.21068702290077
S200_Ribosomal_S2_521388	99.6	Bacteria	Bacillota_A	Clostridia	Oscillospirales	Ruminococcaceae	Ruminiclostridium_E	None	0.0	0.0	0.0	0.0	0.0	0.0	17.468521229868227	0.0	0.0	0.0	0.0	0.0	0.0	1.9191919191919191	0.0	0.0	0.0	0.0	0.0	0.0	0.0	0.0	0.0	0.0	6.681972789115647	39.86561954624782	29.99215070643642	17.357142857142858	0.0	0.0	0.0	2.6672760511883	3.1758241758241756	26.514018691588785	11.18452380952381	65.3019943019943	10.318627450980392
S200_Ribosomal_S2_248494	97.2	Bacteria	Bacillota_A	Clostridia	Oscillospirales	Oscillospiraceae	Dysosmobacter	None	0.0	0.0	2.7057471264367816	13.696551724137931	14.647887323943662	0.0	8.259770114942528	0.0	0.0	1.6759002770083102	0.0	2.667452830188679	11.377777777777778	4.268170426065163	1.1311475409836065	2.3057471264367817	7.836538461538462	5.570048309178744	0.0	0.2912280701754386	5.014652014652015	2.9429657794676807	17.358620689655172	12.26896551724138	38.88674698795181	13.137305699481866	96.62314540059347	18.196675900277008	4.955665024630542	15.811494252873564	141.43225806451613	16.300940438871475	21.53080568720379	10.88888888888889	9.383908045977012	23.75632183908046	7.250574712643679
S200_Ribosomal_S2_254640	98.3	Bacteria	Bacillota_A	Clostridia	Oscillospirales	Ruminococcaceae	Gemmiger	Gemmiger sp900554145	0.0	0.0	33.64274322169059	48.269026548672564	62.13078149920255	82.05075187969925	0.0	63.80930232558139	37.06185567010309	32.71383647798742	43.48854961832061	22.558823529411764	49.43512658227848	40.15869980879541	3.267272727272727	9.553264604810996	33.48127600554785	19.28937007874016	66.18099547511312	48.824827586206894	191.212	132.57116104868913	58.01344537815126	37.467032967032964	20.052730696798495	58.32235701906413	12.337579617834395	5.595890410958904	16.521815008726005	20.623639191290824	84.88244047619048	65.81710914454277	50.657738095238095	53.8494623655914	59.8546875	50.872037914691944	44.510971786833856
S200_Ribosomal_S2_246452	100.0	Bacteria	Bacillota_A	Clostridia	Oscillospirales	Oscillospiraceae	ER4	ER4 sp000765235	0.0	0.0	14.481989708404802	87.8546511627907	29.2196261682243	0.0	0.0	2.752136752136752	82.0421052631579	84.06696428571429	2.681096681096681	48.78599221789883	17.284389489953632	24.503692762186116	4.696327683615819	10.243111831442464	23.809847198641766	6.884328358208955	21.554755043227665	14.633012820512821	67.04660194174757	58.214285714285715	59.6231884057971	37.359939759036145	103.03622047244095	17.73604826546003	74.13257575757575	117.91242937853107	13.907514450867051	20.88108108108108	184.9280701754386	30.454154727793696	45.77919708029197	102.64766081871345	88.90536723163842	93.99006622516556	35.570381231671554
S200_Ribosomal_S2_257208	100.0	Bacteria	Bacillota_A	Clostridia	Lachnospirales	Lachnospiraceae	Eubacterium_F	None	0.0	0.0	3.5647058823529414	0.0	0.0	0.0	11.625	0.0	32.09722222222222	16.368055555555557	22.4375	13.284313725490197	0.0	0.0	0.0	0.0	0.0	0.0	0.0	0.0	10.794392523364486	9.79861111111111	0.0	0.0	0.0	0.5252525252525253	7.818840579710145	0.0	0.0	0.0	0.0	0.0	0.0	0.0	0.0	0.0	0.0
S200_Ribosomal_S2_355001	97.5	Bacteria	Bacillota_A	Clostridia	UMGS1810	UMGS1810	RGIG1828	RGIG1828 sp017549745	0.0	0.0	0.0	0.0	22.98477157360406	0.0	4.458333333333333	0.0	0.0	0.0	0.0	0.0	29.08805031446541	18.421800947867297	11.450757575757576	18.467980295566502	6.242424242424242	4.459677419354839	11.476793248945148	7.037878787878788	5.651515151515151	3.3636363636363638	4.799242424242424	1.6856060606060606	5.481927710843373	4.131707317073171	5.431818181818182	0.0	3.356060606060606	4.835897435897436	19.46969696969697	2.1677852348993287	0.3712121212121212	12.204545454545455	9.416666666666666	12.742424242424242	1.2840909090909092
S200_Ribosomal_S2_192698	100.0	Bacteria	Actinomycetota	Coriobacteriia	Coriobacteriales	Eggerthellaceae	Ellagibacter	None	0.0	0.0	22.49095607235142	0.0	0.0	0.6692506459948321	0.0	1.4521963824289406	0.7235142118863049	0.3333333333333333	0.0	0.0	13.034602076124568	17.027355623100306	9.541818181818181	13.634375	10.28695652173913	4.087855297157622	15.89308176100629	12.693379790940767	10.391891891891891	5.37125748502994	8.073107049608355	1.9928571428571429	1.144702842377261	0.0	0.0	0.35658914728682173	0.37209302325581395	6.751937984496124	0.7545219638242894	0.0	0.0	15.03875968992248	10.592105263157896	8.323076923076924	2.1731266149870803
S200_Ribosomal_S2_200379	100.0	Bacteria	Bacillota_A	Clostridia	Lachnospirales	Lachnospiraceae	Blautia_A	Blautia_A faecis	0.0	0.0	4.237237237237237	1.7648902821316614	0.0	130.47747747747746	82.78535773710483	61.78685897435897	39.35897435897436	46.83805668016194	77.06227758007117	77.47635726795096	49.30414746543779	56.6637037037037	34.18702865761689	54.57868852459016	23.126126126126128	7.3439252336448595	42.00351493848858	30.83893557422969	47.16265060240964	24.505359877488516	47.07017543859649	44.77742946708464	58.58646616541353	28.579661016949153	30.906810035842295	4.743639921722114	19.125730994152047	23.654109589041095	17.23581560283688	15.522561863173216	4.914110429447852	52.96666666666667	56.37229437229437	33.030546623794216	7.050209205020921
S200_Ribosomal_S2_405700	100.0	Bacteria	Bacillota_A	Clostridia	Oscillospirales	Acutalibacteraceae	Fimivicinus	Fimivicinus sp900544375	0.0	0.0	0.0	0.0	0.0	0.0	47.82573726541555	0.0	0.0	0.0	0.0	0.0	0.0	0.0	0.0	0.0	0.0	0.0	0.0	0.0	0.0	0.0	0.0	0.0	0.0	0.0	0.0	0.0	0.0	0.0	0.0	0.0	0.0	0.0	0.0	0.0	0.0
S200_Ribosomal_S2_26312	100.0	Bacteria	Bacillota_A	Clostridia	Peptostreptococcales	Peptostreptococcaceae	Romboutsia	Romboutsia timonensis	0.0	0.0	0.0	0.0	0.0	26.995594713656388	15.435483870967742	4.551724137931035	2.5560165975103732	2.070689655172414	0.0	0.0	21.61244019138756	29.935754189944134	6.017094017094017	2.1167664670658684	13.255072463768116	0.7826855123674912	20.56756756756757	6.691394658753709	5.104895104895105	2.124760076775432	9.378167641325536	6.3706505295007565	0.0	3.047438330170778	0.0	0.0	0.0	2.675034867503487	0.0	0.0	0.0	2.759633027522936	2.079416531604538	2.787878787878788	0.0
S200_Ribosomal_S2_448716	100.0	Bacteria	Bacillota_A	Clostridia	Lachnospirales	Lachnospiraceae	Faecalimonas	Faecalimonas phoceensis	0.0	0.0	0.0	0.0	0.0	31.346153846153847	0.0	0.6638655462184874	0.0	0.0	0.0	0.0	0.0	0.0	0.0	0.0	0.0	0.0	0.0	0.0	0.0	0.0	0.0	0.0	0.0	0.0	0.0	0.0	0.0	0.0	0.0	0.0	0.0	0.0	0.0	0.0	0.0
S200_Ribosomal_S2_29389	100.0	Bacteria	Bacillota_A	Clostridia	Oscillospirales	Ruminococcaceae	Faecalibacterium	None	0.0	0.0	23.713513513513515	37.33846153846154	161.57575757575756	0.0	5.333333333333333	48.85279187817259	43.41860465116279	62.74881516587678	6.535	84.08558558558559	78.39147286821705	77.00490196078431	42.60852713178294	41.68181818181818	35.50251256281407	14.371428571428572	83.12790697674419	61.35470085470085	44.52713178294574	39.387978142076506	24.175	24.41176470588235	23.06417112299465	4.9147286821705425	16.071428571428573	57.670833333333334	48.74688796680498	77.17054263565892	16.68018018018018	54.88725490196079	6.565789473684211	13.957364341085272	11.906976744186046	21.910852713178294	14.437984496124031
S200_Ribosomal_S2_435933	100.0	Bacteria	Bacteroidota	Bacteroidia	Bacteroidales	Rikenellaceae	Alistipes	Alistipes putredinis	0.0	0.0	5.0310077519379846	0.8447552447552448	158.52461322081575	1.3674418604651162	16.181818181818183	0.0	0.0	0.060723514211886306	0.0	0.0	0.0	0.9385560675883257	0.0	0.0	1.2192242833052276	0.9540389972144847	0.0	0.0	131.26378539493294	86.22819767441861	139.51555555555555	114.08668730650155	4.324200913242009	1.0807174887892377	3.488157894736842	133.61167883211678	40.29931972789116	44.739344262295084	1.941860465116279	0.0	0.0	15.594551282051283	13.546511627906977	45.518716577540104	26.60610687022901
S200_Ribosomal_S2_421095	100.0	Bacteria	Bacillota_A	Clostridia	Oscillospirales	Acutalibacteraceae	None	None	0.0	0.0	0.1076923076923077	3.066666666666667	0.958974358974359	0.0	2.241025641025641	0.0	0.0	0.0	0.0	0.0	0.6153846153846154	4.52755905511811	0.0	0.0	0.9179487179487179	0.0	2.241025641025641	0.0	4.112820512820512	0.0	0.0	0.0	1.7282051282051283	0.0	1.882051282051282	19.64864864864865	17.886666666666667	0.0	12.076190476190476	77.3179190751445	0.3384615384615385	18.65284974093264	29.295454545454547	35.294736842105266	22.708029197080293
S200_Ribosomal_S2_382184	100.0	Bacteria	Bacillota_A	Clostridia	Tissierellales	Peptoniphilaceae	Peptoniphilus_A	Peptoniphilus_A harei	0.0	0.0	0.0	0.0	0.0	15.983204134366925	0.0	0.0	0.0	0.0	0.0	0.0	0.0	0.0	0.0	0.0	0.0	0.0	0.0	0.0	0.0	0.0	0.0	0.0	0.0	0.0	0.0	0.0	31.479632063074902	0.0	0.0	0.0	0.0	0.0	0.0	0.0	0.0
S200_Ribosomal_S2_452842	100.0	Bacteria	Bacillota_A	Clostridia	Lachnospirales	Lachnospiraceae	Coprococcus	None	0.0	0.0	65.23367697594502	6.301204819277109	14.460972017673049	0.0	0.0	0.0	0.0	0.0	0.0	0.0	45.919575113808804	32.06024096385542	29.289473684210527	21.8843537414966	34.272268907563024	9.550200803212851	48.37745974955277	23.287284144427	6.9532967032967035	1.1382228490832158	50.19512195121951	56.22148760330578	78.71379897785349	0.0	29.420221169036335	0.0	0.0	0.0	1.6284246575342465	7.740479548660085	0.0	21.69851729818781	18.57421875	25.677700348432055	3.771386430678466
S200_Ribosomal_S2_102126	100.0	Bacteria	Bacillota_A	Clostridia	Lachnospirales	Lachnospiraceae	Anaerostipes	Anaerostipes hadrus	0.0	0.0	14.513249651324966	20.36014625228519	1.4732297063903281	382.20754716981133	72.04488078541374	88.07098765432099	22.13978494623656	103.07680722891567	10.890814558058926	221.53003003003002	100.77507598784194	94.2640625	18.443076923076923	26.262642740619903	32.530448717948715	4.41852487135506	24.614864864864863	28.2707100591716	39.691616766467064	15.497014925373135	52.76831345826235	49.243647234678626	26.602430555555557	101.86170212765957	108.62932454695222	1.312638580931264	108.61897590361446	200.59293394777265	15.123249299719888	18.331481481481482	5.173174872665535	57.922800718132855	47.76565008025682	68.34707903780068	8.0
S200_Ribosomal_S2_2802	100.0	Bacteria	Bacillota_A	Clostridia	Lachnospirales	Lachnospiraceae	Blautia_A	None	0.0	0.0	60.561349693251536	30.15647226173542	47.53048780487805	0.0	149.69100169779287	439.41251778093886	154.89909638554218	227.80275862068964	183.57412790697674	375.48228043143297	296.962356792144	253.27967257844475	141.47147147147146	141.48811700182816	94.12685560053981	24.005681818181817	184.0561797752809	118.31587561374795	174.37359098228663	78.6744966442953	334.679117147708	263.8744394618834	51.38189533239038	194.7967213114754	180.38145896656536	48.299731182795696	227.11814345991561	192.13138686131387	28.702492211838006	75.98760330578513	14.590785907859079	125.46989720998532	100.97177419354838	62.70464767616192	20.62773722627737
S200_Ribosomal_S2_342259	100.0	Bacteria	Bacillota_A	Clostridia	None	None	None	None	0.0	0.0	3.780141843971631	0.0	0.0	3.0	6.553191489361702	9.359223300970873	0.0	13.496	6.594202898550725	18.5	7.73758865248227	11.099290780141844	1.9432624113475176	0.0	0.0	0.0	12.02836879432624	0.0	9.929078014184396	0.0	0.0	0.0	9.198581560283689	0.0	5.808510638297872	2.028368794326241	5.304964539007092	0.0	0.0	2.9290780141843973	0.0	6.149606299212598	0.0	22.417910447761194	0.0
S200_Ribosomal_S2_316150	100.0	Bacteria	Bacillota_A	Clostridia	Oscillospirales	Ruminococcaceae	Gemmiger	None	0.0	0.0	12.389393939393939	0.0	0.2128205128205128	223.02230483271376	0.0	0.0	0.0	0.0	0.0	0.5813492063492064	50.65813253012048	48.83673469387755	48.21495327102804	53.94334277620396	39.25913621262458	15.655737704918034	71.23651452282158	38.18342151675485	65.47265625	40.201780415430264	47.09908536585366	34.95870736086176	49.33098591549296	3.4411764705882355	15.949044585987261	18.52373660030628	11.144578313253012	19.040998217468804	17.127946127946128	4.952076677316294	7.332225913621262	26.94047619047619	38.02105263157895	45.160493827160494	22.614840989399294
S200_Ribosomal_S2_462071	99.6	Bacteria	Pseudomonadota	Gammaproteobacteria	Burkholderiales	Burkholderiaceae_A	Parasutterella	None	0.0	0.0	0.0	14.178628389154705	0.0	0.0	0.0	0.0	1.9710144927536233	0.0	0.0	0.0	0.0	0.0	0.0	0.0	0.0	0.0	0.0	0.0	2.441747572815534	0.0	0.0	0.0	5.400667779632721	0.0	0.7628458498023716	5.158102766798419	3.8	0.0	0.0	0.0	0.0	0.0	0.8133595284872298	4.601115760111576	2.494236311239193
S200_Ribosomal_S2_398584	97.5	Bacteria	Bacillota_A	Clostridia	Lachnospirales	Lachnospiraceae	Roseburia	Roseburia sp900542495	0.0	0.0	0.37640449438202245	2.6605839416058394	7.263803680981595	0.0	35.29032258064516	57.30252100840336	9.322463768115941	22.261682242990656	6.954887218045113	32.22463768115942	72.44545454545455	86.71782178217822	87.79347826086956	78.3659420289855	37.49101796407186	14.432291666666666	74.08629441624366	24.461224489795917	21.816666666666666	10.33695652173913	19.240663900414937	18.643776824034333	25.183431952662723	14.192488262910798	5.746666666666667	5.843283582089552	5.075098814229249	10.652173913043478	9.462311557788945	16.928838951310862	7.481481481481482	13.779166666666667	13.565217391304348	19.852	9.61231884057971
S200_Ribosomal_S2_209149	100.0	Bacteria	Bacillota_A	Clostridia	Lachnospirales	Lachnospiraceae	Eubacterium_F	None	0.0	0.0	3.244343891402715	0.0	0.0	0.0	47.00624024960999	6.26912568306011	65.24829931972789	32.72768532526475	26.107255520504733	14.325	0.0	0.0	0.0	0.0	9.424863387978142	1.2377049180327868	0.825136612021858	0.0	35.637630662020904	20.49929873772791	0.0	0.0	0.0	3.2888888888888888	11.118122977346278	0.0	0.0	0.0	0.0	0.0	0.0	1.6188524590163935	3.1013513513513513	7.791666666666667	2.4976744186046513
S200_Ribosomal_S2_448770	100.0	Bacteria	Bacillota_A	Clostridia	Oscillospirales	Oscillospiraceae	Vescimonas	Vescimonas coprocola	0.0	0.0	7.649305555555555	14.971014492753623	15.185507246376812	0.0	18.21818181818182	0.0	4.37719298245614	10.313253012048193	2.9507246376811596	7.533333333333333	3.4553191489361703	10.350724637681159	6.257971014492754	6.889855072463768	14.843478260869565	0.0	6.395136778115502	3.04	25.313432835820894	22.01328903654485	2.1855072463768117	3.915942028985507	20.481159420289856	3.3855072463768114	28.9768115942029	10.353623188405797	2.5121951219512195	6.472140762463343	47.4231884057971	12.101449275362318	18.495652173913044	5.826086956521739	11.81184668989547	12.114705882352942	5.0048076923076925
S200_Ribosomal_S2_460548	99.6	Bacteria	Bacteroidota	Bacteroidia	Bacteroidales	Bacteroidaceae	Prevotella	None	0.0	0.0	45.30955993930197	0.0	0.0	0.0	0.0	0.0	0.0	0.0	0.0	0.0	26.604249667994686	21.06997455470738	8.838095238095239	34.36132315521628	36.87994542974079	16.9792	2.3232682060390766	2.717201166180758	0.0	0.0	3.7423312883435584	16.560330578512396	0.0	0.7220394736842105	5.7521079258010115	0.0	0.0	0.0	10.333333333333334	2.199059561128527	0.0	0.0	0.0	0.0	0.0
S200_Ribosomal_S2_176389	100.0	Bacteria	Actinomycetota	Actinomycetia	Actinomycetales	Bifidobacteriaceae	Bifidobacterium	Bifidobacterium pseudocatenulatum	0.0	0.0	0.0	112.50921052631578	41.12874251497006	209.8283870967742	210.72006220839813	0.4574468085106383	46.915601023017906	27.18608169440242	8.076233183856502	19.379518072289155	34.07835820895522	42.98565279770445	26.570522979397783	23.86509040333797	1.4091559370529327	0.0	0.0	0.0	0.0	1.0598290598290598	8.8359375	3.109809663250366	1.2341549295774648	15.066546762589928	0.0	9.11111111111111	0.47285067873303166	2.3345724907063197	0.0	3.6385836385836385	0.0	2.3717146433041303	3.0691994572591588	3.2838038632986626	4.209969788519637
S200_Ribosomal_S2_364806	100.0	Bacteria	Bacillota_A	Clostridia	Christensenellales	CAG-74	UBA11524	UBA11524 sp000437595	0.0	0.0	19.124282982791588	0.0	0.0	0.0	128.36231884057972	0.10192837465564739	2.0691176470588237	0.0	0.6115843270868825	0.6870229007633588	23.532577903682718	12.038406827880513	8.225473321858864	10.4	10.742200328407225	1.684573002754821	2.2130081300813007	1.6784313725490196	165.27858293075684	85.80880121396055	0.9843478260869565	0.8444444444444444	0.0	0.0	0.0	1.3918495297805642	0.0	0.0	38.06151645207439	24.724436741767764	13.356655290102388	83.21331316187594	72.77606837606838	74.93956043956044	57.57342657342657
S200_Ribosomal_S2_72453	100.0	Bacteria	Bacillota_A	Clostridia	Lachnospirales	Lachnospiraceae	Roseburia	None	0.0	0.0	0.7321428571428571	0.0	2.1314285714285712	0.0	219.2775974025974	102.05745062836625	20.342056074766354	29.858870967741936	10.95376712328767	64.54765506807867	40.2791586998088	31.73961661341853	51.73118279569893	42.88575268817204	9.779264214046822	1.8516746411483254	73.9580291970803	41.269537480063796	57.42442748091603	25.038189533239038	39.803600654664486	18.56451612903226	14.9984375	0.8888888888888888	8.240400667779634	6.947895791583166	22.917582417582416	19.728494623655912	0.0	1.2518248175182483	0.50625	20.995967741935484	15.311173974540312	14.592948717948717	4.465465465465465
S200_Ribosomal_S2_269063	100.0	Bacteria	Bacteroidota	Bacteroidia	Bacteroidales	Bacteroidaceae	Phocaeicola	Phocaeicola massiliensis	0.0	0.0	0.0	44.59002433090024	11.344391785150078	2.0528455284552845	73.90822407628129	0.0	0.9786535303776683	0.0	0.0	0.0	5.139566395663957	2.6997167138810196	0.0	2.2348754448398576	0.0	0.0	0.0	0.0	2.7845303867403315	0.0	8.682440846824408	4.3147353361945635	21.629032258064516	0.975397973950796	10.586848635235732	1.1637010676156583	3.176470588235294	7.490566037735849	0.0	0.0	0.0	0.0	0.0	0.0	0.0
S200_Ribosomal_S2_99599	100.0	Bacteria	Bacillota_A	Clostridia	Lachnospirales	Lachnospiraceae	CAG-45	CAG-45 sp000438375	0.0	0.0	50.36318407960199	0.0	0.0	0.0	0.0	0.0	0.0	0.0	0.0	0.0	5.785034013605443	1.2377622377622377	0.5229982964224872	0.8163265306122449	0.0	0.726530612244898	0.5210884353741496	0.0	15.612752721617419	9.154684095860567	13.375	9.476190476190476	0.0	0.0	0.0	0.0	0.0	0.0	0.0	0.0	0.0	14.64804469273743	0.0	0.0	0.0
S200_Ribosomal_S2_317200	100.0	Bacteria	Bacteroidota	Bacteroidia	Bacteroidales	Bacteroidaceae	Phocaeicola	None	0.0	0.0	4.834905660377358	58.261538461538464	25.403007518796993	0.0	264.8818407960199	270.805598755832	215.65211062590976	199.14076246334312	20.934278350515463	195.16222760290557	25.337992376111817	17.244823386114494	2.5914972273567467	16.933008526187574	3.306686046511628	1.3429355281207134	3.3691709844559585	0.0	69.27751196172248	36.13495276653171	33.24116743471582	16.58728179551122	28.750728862973762	16.394451145958985	57.58152958152958	27.825665859564165	56.929761904761904	89.01070950468541	22.593851132686083	3.6476190476190475	0.0	12.688034188034187	7.743553008595988	31.67529107373868	4.68
S200_Ribosomal_S2_178978	96.5	Bacteria	Bacteroidota	Bacteroidia	Bacteroidales	Muribaculaceae	Limisoma	None	0.0	0.0	10.210235131396956	45.89683860232945	42.402919708029195	0.0	0.0	0.0	0.0	0.0	0.0	0.0	18.720364741641337	14.145310435931307	0.0	6.639759036144579	47.05582137161085	24.914560770156438	5.3586309523809526	6.427762039660057	122.8412213740458	78.51747088186356	89.1877444589309	69.95855614973262	0.0	0.0	0.0	0.0	0.0	0.0	26.239197530864196	53.44221105527638	52.61551433389545	33.962765957446805	26.31974921630094	82.28924418604652	33.006257822277846
S200_Ribosomal_S2_99107	100.0	Bacteria	Bacillota_A	Clostridia	Lachnospirales	Lachnospiraceae	Agathobacter	Agathobacter rectalis	0.0	0.0	172.17903225806452	49.30373831775701	22.388984509466436	2.339966832504146	846.620592383639	128.69327073552427	83.4950884086444	496.99105545617175	232.21052631578948	523.8055130168453	402.0771470160116	373.590782122905	491.44055944055947	784.551048951049	461.9972299168975	155.1372239747634	444.1095238095238	296.6576433121019	222.96332046332046	113.85714285714286	171.90291262135923	158.0190735694823	198.059375	319.4986376021798	172.94134477825466	123.39346811819595	786.6950146627566	1169.00144092219	53.8928	138.8410104011887	91.26394557823129	33.62840746054519	25.38425925925926	290.21417322834645	92.32943143812709
S200_Ribosomal_S2_257831	99.4	Bacteria	Bacteroidota	Bacteroidia	Bacteroidales	Bacteroidaceae	Phocaeicola	Phocaeicola sp000434735	0.0	0.0	1.9951219512195122	16.81	14.405172413793103	0.0	0.0	0.0	0.0	0.0	0.0	0.0	5.963665086887835	6.304166666666666	0.0	2.8578199052132702	3.943127962085308	0.8458574181117534	0.6314699792960663	0.0	79.74253731343283	54.045662100456624	16.950704225352112	18.47117296222664	0.0	0.0	0.0	0.0	0.0	1.0103950103950103	0.0	0.0	0.0	0.0	0.0	1.4265402843601895	0.0
S200_Ribosomal_S2_97577	99.6	Bacteria	Pseudomonadota	Gammaproteobacteria	Enterobacterales	Enterobacteriaceae	None	None	0.0	0.0	9.602287166454891	0.9483627204030227	0.0	2.5707133917396745	0.0	0.0	0.7901785714285714	3.9897142857142858	1.7538071065989849	0.4068157614483493	59.38821954484605	48.89705882352941	0.0	0.0	28.25518341307815	11.669441141498217	90.15948275862068	65.23001402524544	0.0	0.32374866879659214	6.662534435261708	2.560170394036209	0.0	0.4589989350372737	1.335203366058906	0.0	6.157614483493078	0.0	1.628235294117647	1.906032482598608	0.0	1.706070287539936	0.0	0.0	0.0
S200_Ribosomal_S2_511283	100.0	Bacteria	Bacillota_A	Clostridia	Lachnospirales	Lachnospiraceae	Bariatricus	None	0.0	0.0	25.702830188679247	18.93233082706767	1.5	0.0	137.9855072463768	0.0	0.43508771929824563	1.5894736842105264	19.46124031007752	37.47663551401869	88.19672131147541	146.48333333333332	84.61632653061224	78.8423645320197	25.263157894736842	9.210280373831775	78.16190476190476	46.87109375	117.56420233463035	61.00390625	112.34583333333333	80.24229074889868	36.82608695652174	9.34412955465587	39.0	6.294736842105263	28.913978494623656	18.050761421319798	35.1324200913242	8.492682926829268	7.9073359073359075	65.33632286995515	74.98214285714286	62.9822695035461	14.554385964912282
S200_Ribosomal_S2_208700	100.0	Bacteria	Desulfobacterota	Desulfovibrionia	Desulfovibrionales	Desulfovibrionaceae	Bilophila	None	0.0	0.0	0.0	9.799382716049383	2.2180645161290324	0.0	0.4631043256997455	0.0	0.0	0.0	0.0	0.0	15.046128500823723	9.490322580645161	0.0	0.0	2.8709256844850066	1.6483126110124333	0.0	0.0	0.0	0.0	0.0	0.0	5.815483870967742	0.0	3.2954954954954956	1.6788990825688073	0.0	0.0	16.97470238095238	0.0	0.8489096573208723	0.0	0.6420863309352518	2.623076923076923	4.096692111959287
S200_Ribosomal_S2_399677	100.0	Bacteria	Bacillota_A	Clostridia	Lachnospirales	Lachnospiraceae	Anaerobutyricum	None	0.0	0.0	8.220367278797996	8.935792349726777	5.495440729483283	478.89285714285717	14.12063492063492	55.07622504537205	8.958498023715414	49.63338088445079	16.654150197628457	85.51404494382022	138.3844936708861	124.6843853820598	59.578352180936996	72.29819694868239	29.943181818181817	11.398835516739448	118.09289617486338	83.7484076433121	72.45441389290883	34.4679054054054	97.53035714285714	100.34843205574913	27.90418118466899	67.35196374622356	72.14899713467048	13.486614173228347	88.84775641025641	88.67275747508306	17.221311475409838	23.34966216216216	5.152823920265781	75.65523156089193	50.1707650273224	63.23493044822256	7.919839679358717
S200_Ribosomal_S2_388415	99.2	Bacteria	Bacillota_A	Clostridia	Oscillospirales	Acutalibacteraceae	Eubacterium_R	Eubacterium_R sp000436835	0.0	0.0	59.240469208211145	0.0	0.0	0.0	0.0	0.0	0.0	0.0	0.0	0.0	0.0	0.0	15.181818181818182	66.33676975945018	25.575187969924812	9.020504731861198	19.63668430335097	17.850699844479006	32.96649916247906	27.194787379972563	28.2143928035982	14.600688468158348	0.0	0.0	0.0	0.0	0.0	0.0	51.768253968253966	15.54642313546423	10.133204633204633	110.33840947546531	74.22857142857143	60.357751277683136	9.59625212947189
S200_Ribosomal_S2_100674	99.3	Bacteria	Actinomycetota	Actinomycetia	Actinomycetales	Bifidobacteriaceae	Bifidobacterium	Bifidobacterium animalis	0.0	0.0	81.48421052631579	0.0	0.0	0.0	0.0	0.0	0.0	0.0	0.0	0.0	0.26096491228070173	0.0	0.0	0.0	0.0	0.0	0.0	0.0	0.0	0.0	0.0	0.0	0.0	0.0	0.0	0.0	0.0	0.0	0.0	0.0	0.0	0.0	0.0	0.9133771929824561	0.0
S200_Ribosomal_S2_156496	99.5	Bacteria	Bacillota_A	Clostridia	Lachnospirales	Lachnospiraceae	Limivivens	None	0.0	0.0	3.2998324958123955	17.047438330170777	15.124472573839663	2.1942740286298568	0.31419939577039274	11.392307692307693	1.3777239709443099	8.310580204778157	3.2195121951219514	10.126415094339622	36.46823529411765	46.584245076586434	19.761061946902654	19.95926680244399	3.169230769230769	4.014760147601476	17.363861386138613	15.937888198757763	36.463220675944335	17.6707530647986	16.221006564551423	16.337638376383765	15.451785714285714	6.993435448577681	18.409610983981693	1.7161125319693096	13.026476578411405	27.383584589614742	7.0201005025125625	21.45475113122172	1.5175879396984924	8.845528455284553	15.604887983706721	7.976549413735343	5.016806722689076
S200_Ribosomal_S2_188755	100.0	Bacteria	Bacteroidota	Bacteroidia	Bacteroidales	Bacteroidaceae	Prevotella	Prevotella sp900313215	0.0	0.0	157.48028673835125	0.0	0.0	0.0	0.0	0.0	0.0	0.0	0.0	0.0	109.35813148788927	79.78614457831326	10.655045871559633	34.13139931740614	170.20301783264748	46.93260188087774	53.818304172274566	39.91119691119691	105.68872987477639	44.28033472803347	182.16473616473615	280.9122562674095	0.0	2.7452830188679247	3.967142857142857	2.720447284345048	22.696267696267697	47.272851296043655	2.7261345852895147	0.0	0.0	0.0	0.0	10.0	1.335559265442404
S200_Ribosomal_S2_196441	100.0	Bacteria	Bacillota_A	Clostridia	Lachnospirales	Lachnospiraceae	Fusicatenibacter	Fusicatenibacter saccharivorans	0.0	0.0	56.99429657794677	78.19170984455958	172.74600355239787	0.0	334.2207578253707	754.5737976782752	239.39772727272728	472.0746951219512	191.2436974789916	495.8026706231454	613.8974820143885	511.9078260869565	233.78534031413614	262.7821067821068	39.812596006144396	26.42965204236006	246.5979381443299	154.18065693430657	436.5786963434022	278.762987012987	62.28919330289193	46.12406576980568	238.6002886002886	71.22317596566523	31.894502228826152	11.570032573289902	263.72439759036143	222.05490196078432	28.442155309033282	44.099673202614376	5.046992481203008	68.1334431630972	57.09417808219178	105.67532467532467	47.44549763033175
S200_Ribosomal_S2_229211	100.0	Bacteria	Bacillota_A	Clostridia	Oscillospirales	Ruminococcaceae	Ruthenibacterium	Ruthenibacterium lactatiformans	0.0	0.0	0.0	0.0	0.0	0.0	19.65137614678899	0.0	0.0	0.0	0.0	0.0	1.2374727668845316	0.9084967320261438	0.0	0.6187363834422658	0.0	0.0	1.2723311546840959	1.3159041394335511	0.0	0.0	2.2461873638344225	0.0	2.7538126361655775	0.0	1.0501089324618735	0.0	0.0	0.0	4.317948717948718	0.0	0.0	0.0	0.8496732026143791	0.0	0.6492374727668845
S200_Ribosomal_S2_457053	100.0	Bacteria	Bacillota_A	Clostridia	Lachnospirales	Lachnospiraceae	Bariatricus	None	0.0	0.0	19.072088724584102	28.09767441860465	7.981060606060606	0.0	115.11422845691382	0.7092198581560284	0.0	0.0	14.060046189376443	53.24288425047438	184.3846153846154	128.72587719298247	112.15989847715736	116.55579868708972	28.191752577319587	5.0672451193058565	117.27744510978044	57.76855895196506	156.78088578088577	88.12527472527472	141.96511627906978	105.1824480369515	39.04563492063492	22.05410447761194	35.71868978805395	9.560767590618337	40.62923728813559	36.70095693779904	27.233796296296298	20.101960784313725	10.864864864864865	97.89330543933055	67.89717223650386	86.92963752665246	22.691235059760956
S200_Ribosomal_S2_358750	100.0	Bacteria	Bacillota_A	Clostridia	Lachnospirales	Lachnospiraceae	Ventrimonas	None	0.0	0.0	0.0	0.0	0.0	92.52741935483871	7.173076923076923	2.0322033898305083	0.0	3.089053803339518	0.0	2.2039473684210527	0.0	0.0	1.0283842794759825	1.5393258426966292	0.0	0.7509025270758123	0.0	1.0715249662618083	1.834008097165992	0.0	0.6831831831831832	1.7532467532467533	0.0	4.1419753086419755	2.8557993730407523	0.0	0.0	2.730508474576271	0.3092269326683292	0.0	0.0	1.0958702064896755	0.0	3.7408906882591095	0.0
S200_Ribosomal_S2_64354	100.0	Bacteria	Actinomycetota	Actinomycetia	Actinomycetales	Bifidobacteriaceae	Bifidobacterium	Bifidobacterium bifidum	0.0	0.0	0.0	66.49853801169591	252.0127591706539	244.21328671328672	0.0	0.0	0.0	0.0	0.0	0.0	0.0	0.0	0.0	0.0	0.0	0.0	0.0	0.0	0.0	0.0	0.0	0.0	0.0	362.43285714285713	194.73676012461058	0.0	0.0	259.27840909090907	0.0	0.0	0.0	0.0	0.0	0.0	0.0
S200_Ribosomal_S2_150882	100.0	Bacteria	Bacillota_A	Clostridia	Oscillospirales	Acutalibacteraceae	Ruminococcus_E	Ruminococcus_E bromii_B	0.0	0.0	0.0	24.50769230769231	71.8068376068376	0.0	0.0	0.0	0.0	0.0	0.0	0.0	97.48929159802306	89.28885135135135	56.832344213649854	117.14583333333333	16.951841359773372	3.199672667757774	16.73121387283237	11.654676258992806	67.75988700564972	29.1114245416079	0.0	0.0	212.5079365079365	635.4009508716323	412.50677966101694	20.666015625	0.0	2.323651452282158	1.020746887966805	0.0	0.0	1118.3853354134164	895.8879056047198	513.0932203389831	113.67835051546392
S200_Ribosomal_S2_434533	99.4	Bacteria	Bacillota_A	Clostridia	Oscillospirales	Oscillospiraceae	None	None	0.0	0.0	3.116618075801749	27.53483146067416	13.30485436893204	0.0	0.0	0.0	1.329608938547486	0.5344506517690876	0.0	2.6666666666666665	5.004878048780488	5.064965197215777	3.4823091247672253	3.5773809523809526	24.961145194274028	11.273743016759777	17.371769383697814	10.634328358208956	1.5	2.4318181818181817	40.58157894736842	32.246119733924616	20.863309352517987	3.5911458333333335	38.90316573556797	15.203023758099352	3.24031007751938	1.970276008492569	185.50939457202506	35.16945606694561	31.040462427745666	25.63395225464191	32.76600985221675	9.326190476190476	11.376657824933687
S200_Ribosomal_S2_274278	100.0	Bacteria	Actinomycetota	Actinomycetia	Actinomycetales	Bifidobacteriaceae	Bifidobacterium	Bifidobacterium catenulatum	0.0	0.0	0.0	0.0	0.0	587.4625668449198	0.0	249.70975609756098	21.14	60.04900662251656	0.0	157.40771812080536	0.0	0.0	0.3418181818181818	0.0	30.984615384615385	17.940880503144655	1.9644351464435146	2.9515151515151516	0.0	0.0	0.7592867756315007	0.0	47.494949494949495	970.3475783475783	108.49927431059507	44.7584480600751	315.4655929721815	524.8612040133779	13.600502512562814	30.08976377952756	0.0	0.0	0.0	0.0	0.0
S200_Ribosomal_S2_122217	100.0	Bacteria	Bacteroidota	Bacteroidia	Bacteroidales	Bacteroidaceae	Bacteroides	None	0.0	0.0	0.0	20.049006622516558	8.971779141104294	3.1815336463223787	43.01911589008363	48.8359853121175	141.69385026737967	80.93093093093093	20.346965699208443	80.02356406480118	16.347322720694645	21.69788519637462	1.1086092715231788	8.674216027874564	9.965678627145087	2.7467248908296944	1.2093704245973647	0.0	11.329411764705883	12.722991689750693	28.1442663378545	11.397260273972602	27.33157894736842	14.551523947750363	57.296542553191486	10.130217028380635	17.73132183908046	21.0718789407314	2.030229746070133	1.126453488372093	0.0	17.68558282208589	13.471502590673575	52.66242937853107	10.146627565982405
S200_Ribosomal_S2_200045	100.0	Bacteria	Bacillota_A	Clostridia	UBA1381	UBA1381	CAG-41	CAG-41 sp900066215	0.0	0.0	5.2682926829268295	2.2399425287356323	4.3558558558558556	0.0	15.673913043478262	53.91349480968858	26.2593984962406	0.0	15.302405498281788	259.61951219512196	11.596119929453263	13.027737226277372	26.97027972027972	23.659707724425886	10.116906474820144	0.0	7.8417997097242385	5.811572700296736	11.789972899728998	2.9336043360433606	19.32994923857868	14.600371747211897	5.433811802232855	5.963478260869565	16.63273727647868	0.0	8.837243401759531	4.887737478411053	3.4615384615384617	5.683954619124798	0.0	12.47536231884058	11.495934959349594	14.267123287671232	0.0
S200_Ribosomal_S2_403825	100.0	Bacteria	Bacillota_C	Negativicutes	Veillonellales	Megasphaeraceae	Megasphaera	Megasphaera elsdenii	0.0	0.0	0.0	0.0	0.0	1.3911290322580645	73.86472602739725	0.0	0.0	0.0	0.0	0.0	0.0	0.0	0.0	0.0	29.195714285714285	12.623044096728307	53.662213740458014	38.29895366218236	0.0	0.0	0.0	0.0	0.0	0.2446236559139785	0.0	0.0	0.0	0.0	0.0	0.0	0.0	0.0	0.0	0.0	0.0
S200_Ribosomal_S2_473969	97.2	Bacteria	Bacillota_A	Clostridia	None	None	None	None	0.0	0.0	0.8888888888888888	3.0462962962962963	0.0	0.0	0.0	0.0	0.0	0.0	0.0	0.0	1.4814814814814814	0.0	0.0	0.7962962962962963	0.0	0.7962962962962963	2.0462962962962963	1.3888888888888888	1.8055555555555556	0.0	4.796296296296297	0.0	0.17592592592592593	0.0	1.5833333333333333	0.0	0.8796296296296297	0.0	7.8	4.663551401869159	0.0	3.9814814814814814	0.0	0.0	0.027777777777777776
S200_Ribosomal_S2_78707	100.0	Bacteria	Bacillota_A	Clostridia	None	None	None	None	0.0	0.0	0.0	0.0	3.0210526315789474	0.0	0.0	0.0	0.0	0.0	0.0	0.0	23.020408163265305	1.5925925925925926	0.0	0.0	3.462962962962963	1.0277777777777777	0.5925925925925926	0.0	53.760416666666664	24.324074074074073	0.0	0.9351851851851852	7.018518518518518	3.7263157894736842	53.63333333333333	0.0	0.0	0.0	19.540816326530614	0.0	12.561797752808989	0.0	2.8518518518518516	2.9722222222222223	0.0
S200_Ribosomal_S2_85361	100.0	Bacteria	Actinomycetota	Coriobacteriia	Coriobacteriales	Eggerthellaceae	Slackia_A	Slackia_A isoflavoniconvertens	0.0	0.0	21.464128843338212	0.0	17.73257698541329	70.68839427662957	12.901256732495511	0.0	0.0	0.0	0.0	0.0	25.97142857142857	14.444664031620553	8.86808510638298	5.5821114369501466	7.836986301369863	1.7104913678618858	10.717460317460317	8.640776699029127	9.456637168141594	5.5702614379084965	7.145339652448657	3.5106796116504855	0.0	0.0	0.0	14.321428571428571	26.754180602006688	10.03486529318542	37.22083333333333	27.253012048192772	18.430555555555557	35.23032904148784	25.50801282051282	21.563025210084035	7.950413223140496
S200_Ribosomal_S2_507255	100.0	Bacteria	Bacillota_A	Clostridia	Oscillospirales	Ruminococcaceae	Ruminococcus_C	Ruminococcus_C callidus	0.0	0.0	0.0	12.60720130932897	4.860869565217391	0.0	0.0	0.0	0.0	0.0	0.0	0.0	2.6775510204081634	11.307692307692308	1.938875305623472	14.464454976303317	6.0207715133531154	3.3110687022900764	0.0	0.0	0.0	0.0	0.0	0.0	8.792910447761194	53.82156862745098	27.814946619217082	0.0	0.0	0.0	57.84474123539232	9.622309197651663	23.4896449704142	0.0	1.3741007194244603	11.790170132325143	3.5664845173041893
S200_Ribosomal_S2_418683	98.6	Bacteria	Bacillota_A	Clostridia	Lachnospirales	Lachnospiraceae	None	None	0.0	0.0	15.338095238095239	7.112244897959184	9.3125	0.0	41.0	150.61428571428573	51.01904761904762	43.804761904761904	33.56666666666667	57.79047619047619	138.28095238095239	110.62857142857143	123.08571428571429	118.47619047619048	43.98095238095238	13.304123711340207	88.27619047619048	36.19047619047619	57.9	42.871428571428574	147.25714285714287	86.30952380952381	36.352380952380955	31.21081081081081	66.26190476190476	10.542857142857143	75.25714285714285	66.62380952380953	9.271428571428572	39.5	5.866666666666666	68.88571428571429	73.50952380952381	61.98571428571429	14.367567567567567
S200_Ribosomal_S2_534908	100.0	Bacteria	Bacillota_A	Clostridia	Oscillospirales	Acutalibacteraceae	Ruminococcus_E	None	0.0	0.0	0.0	0.0	0.0	0.0	740.594127806563	0.0	0.0	0.0	88.15976331360947	0.0	41.71612903225807	31.171586715867157	0.0	0.0	0.0	0.0	0.0	0.0	0.0	0.0	0.0	0.0	0.0	0.0	0.0	0.0	0.0	44.05223880597015	40.13592233009709	0.0	6.183219178082192	57.758974358974356	54.1135593220339	0.0	0.0
S200_Ribosomal_S2_149375	100.0	Bacteria	Bacteroidota	Bacteroidia	Bacteroidales	Rikenellaceae	Alistipes	None	0.0	0.0	0.0	41.68330134357006	46.255910987482615	0.0	0.0	0.0	0.0	0.0	0.0	0.0	0.0	0.0	0.0	0.0	1.8573185731857318	0.0	0.0	0.0	25.15551839464883	34.639519359145524	12.354889589905362	9.894894894894895	20.827338129496404	0.0	1.006150061500615	3.6519065190651907	0.0	0.0	0.0	0.0	0.0	3.969249692496925	1.1570121951219512	4.096676737160121	4.988748241912799
S200_Ribosomal_S2_162185	100.0	Bacteria	Actinomycetota	Actinomycetia	Actinomycetales	Micrococcaceae	Rothia	None	0.0	0.0	0.0	2.93734335839599	1.155388471177945	22.471098265895954	0.8395989974937343	0.3888888888888889	0.0	0.0	0.0	0.0	14.412520064205458	16.254728877679696	0.8459016393442623	0.7807017543859649	1.8312236286919832	0.768170426065163	5.776504297994269	4.819967266775778	0.0	0.3182957393483709	2.6939970717423134	1.9390088945362134	0.0	0.0	0.0	0.0	0.0	0.0	0.0	0.0	0.0	0.0	0.0	0.0	0.0
S200_Ribosomal_S2_506764	99.6	Bacteria	Bacteroidota	Bacteroidia	Bacteroidales	Rikenellaceae	Alistipes	Alistipes onderdonkii	0.0	0.0	1.0251256281407035	61.58686131386861	98.02719406674908	0.0	0.0	0.0	0.0	0.0	0.0	0.0	1.9667036625971144	0.0	0.0	0.9741100323624595	0.0	0.0	0.0	0.0	2.105820105820106	0.0	5.258023106546855	1.4021406727828747	0.0	0.0	0.0	0.0	0.0	0.0	0.0	3.556028368794326	0.0	0.7287630402384501	0.0	3.64344746162928	0.7905569007263923
S200_Ribosomal_S2_10637	100.0	Bacteria	Bacillota_C	Negativicutes	Acidaminococcales	Acidaminococcaceae	Phascolarctobacterium_A	None	0.0	0.0	50.57922535211268	42.18884120171674	62.336633663366335	0.0	0.0	0.0	0.34417344173441733	0.0	0.0	0.0	98.89968152866243	99.22727272727273	19.666174298375186	25.639777468706537	0.0	0.0	0.0	0.0	0.0	0.0	0.0	0.0	0.0	0.0	0.0	1.489159891598916	0.0	0.0	61.25739644970414	0.7198177676537585	21.458015267175572	0.0	0.0	0.0	0.0
S200_Ribosomal_S2_327566	100.0	Bacteria	Bacillota_A	Clostridia	Oscillospirales	Oscillospiraceae	Vescimonas	Vescimonas sp000435975	0.0	0.0	0.0	12.071240105540896	33.663636363636364	0.0	8.325814536340852	0.0	1.1353383458646618	1.1152882205513786	0.0	0.0	12.558359621451103	0.0	5.295739348370927	6.776942355889724	16.220551378446114	3.7556675062972293	9.080200501253133	14.200501253132833	17.328320802005013	9.401002506265664	22.94736842105263	11.984802431610943	75.90977443609023	7.87218045112782	37.150375939849624	18.694235588972433	8.759398496240602	6.7593984962406015	78.33082706766918	21.49122807017544	10.18796992481203	27.601503759398497	17.219576719576718	19.76691729323308	3.5864864864864865
S200_Ribosomal_S2_494481	99.1	Bacteria	Bacillota	Bacilli	Lactobacillales	Enterococcaceae	Enterococcus_A	Enterococcus_A raffinosus_A	0.0	0.0	0.0	0.0	0.0	12.393092105263158	0.0	0.0	0.0	0.8791848617176128	0.4366812227074236	0.0	0.4395924308588064	0.0	0.0	0.0	0.6003787878787878	1.0931586608442503	0.0	0.0	0.0	0.0	2.0350262697022767	0.0	0.0	0.0	0.0	0.0	0.0	0.0	0.0	0.0	0.0	0.0	0.0	0.0	0.0
S200_Ribosomal_S2_295826	100.0	Bacteria	Bacillota	Bacilli	Erysipelotrichales	Coprobacillaceae	Thomasclavelia	None	0.0	0.0	0.0	0.0	0.0	88.66182873730044	0.0	19.023890784982935	0.0	5.151147098515519	2.4375	15.612852664576803	11.942424242424243	6.7309833024118735	2.942857142857143	6.463562753036437	0.4457236842105263	0.8314121037463977	1.2125984251968505	0.0	0.0	0.0	0.9094567404426559	0.0	1.972972972972973	3.448733413751508	0.0	0.0	1.7268518518518519	1.8315665488810364	0.0	0.0	0.0	4.7551266586248495	1.968918918918919	0.0	0.0
S200_Ribosomal_S2_51095	100.0	Bacteria	Bacillota_A	Clostridia	Lachnospirales	Lachnospiraceae	Acetatifactor	None	0.0	0.0	5.850174216027875	13.586206896551724	6.221606648199446	0.0	56.72830725462305	0.0	9.883478260869564	0.0	0.0	3.5478806907378337	21.496951219512194	14.781010719754978	1.9973544973544974	8.651769087523277	81.3213058419244	29.416666666666668	11.980033277870216	22.222910216718265	49.7047619047619	23.150442477876105	11.6286701208981	15.29496402877698	4.277280858676208	1.9791356184798807	16.352447552447554	0.0	0.0	0.8377358490566038	40.946843853820596	6.516746411483253	14.530239099859353	6.596726190476191	14.024242424242424	31.215608465608465	14.927055702917771
S200_Ribosomal_S2_464793	100.0	Bacteria	Bacillota_A	Clostridia	Lachnospirales	Lachnospiraceae	Blautia_A	Blautia_A obeum	0.0	0.0	16.48235294117647	16.00497512437811	6.950920245398773	7.101941747572815	72.98173515981735	1.8036529680365296	4.853881278538813	11.442922374429223	12.680365296803654	2.712328767123288	19.374429223744293	6.963470319634703	2.49	4.359550561797753	15.465277777777779	7.08	25.09090909090909	27.046979865771814	36.949771689497716	23.8675799086758	13.549382716049383	20.930232558139537	13.217647058823529	2.6484018264840183	6.995348837209303	13.932203389830509	12.840182648401827	1.681159420289855	1.4246575342465753	2.4566210045662102	0.0	0.0	0.1461187214611872	0.954337899543379	0.0
S200_Ribosomal_S2_27045	99.6	Bacteria	Bacillota	Bacilli	Lactobacillales	Streptococcaceae	Streptococcus	None	0.0	0.0	0.0	19.325581395348838	5.2920065252854815	36.60991957104557	6.119143239625167	27.696732026143792	4.935261707988981	10.396578538102643	1.3153846153846154	7.532051282051282	29.714881780250348	41.50081833060556	90.1441798941799	56.154981549815496	23.911078717201168	2.7269439421338157	169.37129485179406	102.67417417417417	50.040752351097176	35.28966521106259	155.80753138075315	119.2179675994109	4.1692307692307695	5.150337837837838	2.3514588859416445	0.2692307692307692	5.080944350758854	3.1203501094091903	0.3782051282051282	0.0	0.0	1.3545816733067728	0.0	1.367948717948718	0.0
S200_Ribosomal_S2_334247	100.0	Bacteria	Bacillota_A	Clostridia	Lachnospirales	Lachnospiraceae	Dorea	Dorea formicigenerans	0.0	0.0	4.735294117647059	9.661818181818182	8.52233676975945	0.0	4.15625	206.8099173553719	28.8828125	51.45787545787546	35.29007633587786	78.79908675799086	54.123711340206185	53.02643171806167	97.48770491803279	91.74907749077491	23.127147766323024	10.43298969072165	57.92490118577075	33.45893719806763	32.61168384879725	23.772893772893774	40.460481099656356	34.601476014760145	11.838709677419354	28.378006872852232	17.415807560137456	6.892430278884462	19.56916996047431	18.964	8.1340206185567	15.792531120331951	6.031372549019608	24.82843137254902	36.02888086642599	9.494845360824742	1.5352112676056338
S200_Ribosomal_S2_375720	99.6	Bacteria	Bacteroidota	Bacteroidia	Bacteroidales	Bacteroidaceae	Paraprevotella	Paraprevotella clara	0.0	0.0	0.9108669108669109	7.154761904761905	9.855437665782494	0.0	0.0	0.0	0.0	0.0	0.0	0.0	2.0195360195360195	0.7565485362095532	0.0	0.0	9.901709401709402	3.1809775429326286	0.0	1.0842490842490842	8.73731884057971	9.001317523056654	1.5628815628815629	2.787958115183246	0.0	0.0	0.0	0.0	0.0	0.0	11.073313782991203	2.965625	0.0	1.8187221396731055	0.0	8.313797313797314	7.170552147239264
S200_Ribosomal_S2_509368	99.6	Bacteria	Bacillota_A	Clostridia	Lachnospirales	Lachnospiraceae	Blautia_A	Blautia_A wexlerae_B	0.0	0.0	87.8280467445743	70.39784946236558	40.38631790744467	473.52054794520546	216.88619402985074	370.2330097087379	84.42830540037244	329.5778894472362	192.74721780604133	522.7220216606498	741.8138041733547	728.0304487179487	627.9073170731707	517.6174957118353	126.6774193548387	35.39036544850498	302.19253438113947	170.5520134228188	327.4671403197158	180.96116504854368	260.03684210526313	223.98236331569666	130.1455399061033	60.17350157728707	70.75881261595548	54.43018867924528	197.4346153846154	229.49411764705883	126.44099378881988	19.4673721340388	25.085385878489326	173.9233449477352	114.94108019639934	144.83553875236294	33.057877813504824
S200_Ribosomal_S2_157124	100.0	Bacteria	Bacillota_C	Negativicutes	Veillonellales	Dialisteraceae	Dialister	Dialister invisus	0.0	0.0	0.0	0.0	0.0	64.98845598845598	293.88225538971807	38.80194805194805	24.42135642135642	15.118086696562033	13.235685752330227	115.257698541329	0.0	0.0	0.0	0.0	0.0	0.0	0.0	0.0	0.0	0.0	0.0	0.0	213.7405329593268	355.3538205980066	490.0406162464986	0.0	8.038359788359788	9.205026455026456	0.0	0.0	0.0	0.0	0.0	0.0	0.0
S200_Ribosomal_S2_149962	100.0	Bacteria	Bacillota_A	Clostridia	Lachnospirales	Lachnospiraceae	Mediterraneibacter	Mediterraneibacter faecis	0.0	0.0	20.743772241992882	16.57857142857143	10.225584594222834	0.0	67.82814814814814	66.9625850340136	8.528333333333334	38.89280677009873	12.443465491923641	53.48517940717629	355.0663349917081	297.4160363086233	197.01659125188536	179.0339892665474	134.34643377001456	41.42454728370221	288.09137931034485	206.54677419354837	71.37142857142857	37.24856321839081	69.95	49.56893542757417	36.18464351005485	78.75613747954174	78.66415662650603	23.630841121495326	129.63020030816642	152.09885931558935	52.62540716612378	91.61948249619482	37.621580547112465	156.17429837518463	129.4688922610015	97.89667250437829	16.814814814814813
S200_Ribosomal_S2_95696	100.0	Bacteria	Bacillota_A	Clostridia	Oscillospirales	Oscillospiraceae	Dysosmobacter	Dysosmobacter welbionis	0.0	0.0	0.8614457831325302	2.901075268817204	10.691275167785236	0.0	11.759637188208616	0.0	10.623222748815166	4.0489913544668585	0.0	4.9391891891891895	1.7309941520467835	4.453804347826087	0.0	0.0	7.574821852731591	0.0	3.8967741935483873	0.40625	1.0264026402640265	1.382608695652174	0.0	2.584070796460177	3.017429193899782	0.4554140127388535	4.86096256684492	0.4584837545126354	0.0	0.0	20.397849462365592	8.279569892473118	3.929471032745592	12.875949367088607	4.475268817204301	0.4606741573033708	1.8103975535168195
S200_Ribosomal_S2_397789	100.0	Bacteria	None	None	None	None	None	None	0.0	0.0	2.0	0.0	0.0	0.0	0.0	0.0	0.0	7.74468085106383	5.717948717948718	4.0256410256410255	9.205128205128204	15.58974358974359	3.3333333333333335	9.607142857142858	0.0	4.0	27.24590163934426	7.153846153846154	0.0	0.0	0.0	0.0	0.0	0.0	0.0	9.366666666666667	3.1492537313432836	2.2465753424657535	15.409090909090908	34.03846153846154	3.58974358974359	0.0	0.0	0.0	0.0
S200_Ribosomal_S2_486368	100.0	Bacteria	Bacillota_A	Clostridia	Oscillospirales	Ruminococcaceae	Faecalibacterium	Faecalibacterium sp900551435	0.0	0.0	24.255102040816325	0.0	0.0	0.0	1.0	254.989898989899	135.3939393939394	83.13684210526316	34.06315789473684	93.12121212121212	20.494949494949495	35.66304347826087	7.525252525252525	5.6	23.414634146341463	5.185714285714286	32.95402298850575	20.414141414141415	92.27027027027027	54.142857142857146	74.93243243243244	99.29292929292929	0.0	0.0	0.0	0.0	0.0	0.0	42.05434782608695	0.0	0.0	28.846938775510203	7.263888888888889	7.393939393939394	4.587301587301587
S200_Ribosomal_S2_478177	100.0	Bacteria	Bacteroidota	Bacteroidia	Bacteroidales	Bacteroidaceae	None	None	0.0	0.0	53.00301204819277	0.0	0.0	0.0	0.0	0.0	0.0	0.0	0.0	0.0	16.415716096324463	17.71345029239766	7.575757575757576	9.016483516483516	0.0	0.0	0.0	0.0	0.0	0.0	0.0	0.0	0.0	0.0	0.0	0.0	0.0	0.0	0.0	0.0	0.0	0.0	0.0	0.0	0.0
S200_Ribosomal_S2_265187	95.1	Bacteria	Bacteroidota	Bacteroidia	Bacteroidales	Tannerellaceae	None	None	0.0	0.0	1.3169398907103824	0.0	0.0	0.0	3.9453551912568305	4.1098901098901095	4.256830601092896	4.453551912568306	0.0	0.8743169398907104	0.2459016393442623	0.7103825136612022	0.0	0.0	0.0	0.0	0.0	0.0	1.830601092896175	2.459016393442623	0.0	3.953846153846154	1.540983606557377	0.0	0.9890710382513661	0.0	0.912568306010929	1.0437158469945356	0.0	0.0	0.0	0.0	0.0	3.549019607843137	0.0
S200_Ribosomal_S2_92137	100.0	Bacteria	Bacteroidota	Bacteroidia	Bacteroidales	Tannerellaceae	Parabacteroides	None	0.0	0.0	0.0	3.8132231404958676	13.318481848184819	0.0	11.169204737732656	8.556010928961749	8.37375415282392	11.338257016248154	0.0	18.37704918032787	1.9849726775956285	0.754653130287648	0.7648	2.0437158469945356	9.496478873239436	1.46588693957115	0.0	0.9969465648854962	10.267399267399268	9.760928961748634	9.512820512820513	6.930313588850174	6.350253807106599	0.0	13.634078212290502	2.956656346749226	6.031311154598826	2.1482701812191105	0.0	0.0	0.0	0.0	0.0	10.214186369958275	1.7864992150706436
S200_Ribosomal_S2_163314	96.1	Bacteria	Bacillota_A	Clostridia	Oscillospirales	Oscillospiraceae	Evtepia	Evtepia sp004556345	0.0	0.0	18.36190476190476	3.2246376811594204	0.0	0.0	0.0	5.5	27.094202898550726	14.859375	20.670289855072465	28.12093023255814	46.15555555555556	50.27317073170732	33.06666666666667	20.64351851851852	18.761904761904763	8.192028985507246	54.89528795811518	30.294416243654823	2.7355072463768115	0.0	0.0	1.0942028985507246	0.0	3.247311827956989	0.0	53.73737373737374	13.58695652173913	36.626666666666665	43.481818181818184	39.30396475770925	10.347826086956522	1.6195652173913044	0.0	6.874172185430464	0.0
S200_Ribosomal_S2_432122	99.7	Bacteria	Bacteroidota	Bacteroidia	Bacteroidales	Rikenellaceae	Alistipes_A	Alistipes_A ihumii	0.0	0.0	0.0	14.959798994974875	12.306569343065693	0.0	0.0	0.0	0.0	0.0	0.0	0.0	0.0	0.0	0.0	0.0	0.0	0.0	0.0	0.0	1.742117117117117	0.0	5.68957345971564	0.7373333333333333	2.5427927927927927	4.440568475452197	4.824675324675325	7.414694894146949	0.9155405405405406	0.0	0.03265765765765766	0.0	0.0	0.7364864864864865	1.3069828722002634	0.9909399773499433	0.0
S200_Ribosomal_S2_396283	100.0	Bacteria	Bacillota_A	Clostridia	Oscillospirales	Oscillospiraceae	Vescimonas	Vescimonas sp000435975	0.0	0.0	0.0	0.4025157232704403	12.802395209580839	0.0	0.0	0.0	0.0	0.0	0.0	0.0	0.0	0.0	0.0	0.0	0.0	0.0	1.5142857142857142	2.4380952380952383	0.0	7.957142857142857	0.0	1.7047619047619047	21.00952380952381	5.885714285714286	9.45	4.346938775510204	4.871428571428571	1.6047619047619048	5.165605095541402	0.0	0.0	2.157142857142857	0.0	0.0	3.9940119760479043
S200_Ribosomal_S2_476156	100.0	Bacteria	Actinomycetota	Coriobacteriia	Coriobacteriales	Atopobiaceae	Paratractidigestivibacter	Paratractidigestivibacter faecalis	0.0	0.0	0.0	0.0	0.0	283.4746543778802	0.0	0.0	0.0	0.0	0.0	0.0	7.624489795918367	4.380645161290323	0.852991452991453	0.0	23.17055393586006	5.94010889292196	29.152727272727272	21.920539730134934	24.455902306648575	15.446774193548388	63.78835227272727	42.6453125	0.0	0.0	0.0	0.0	0.0	0.0	0.0	0.0	0.0	0.0	0.0	0.0	0.0
