scg_name	percent_identity	t_domain	t_phylum	t_class	t_order	t_family	t_genus	t_species	NEG_UWTrinh_BS_0001_F05	NEG_UWTrinh_BS_0001_H05	S200_V00	S200_V11	S200_V22	S200_V33	S200_V44	S201_V00	S201_V11	S201_V22	S201_V33	S201_V44	S207_V0A	S207_V0B	S207_V2A	S207_V2B	S208_V0A	S208_V0B	S208_V2A	S208_V2B	S210_V0A	S210_V0B	S210_V1A	S210_V1B	S211_V00	S211_V11	S211_V22	S212_V00	S212_V11	S212_V22	S213_V00	S213_V11	S213_V22	S214_V0A	S214_V0B	S214_V2A	S214_V2B
S201_Ribosomal_S2_95745	100.0	Bacteria	Bacillota_A	Clostridia	Lachnospirales	Lachnospiraceae	Lachnospira	None	0.0	0.0	4.161425576519916	1.6645702306079664	0.0	1.8721174004192873	20.23777777777778	0.44234800838574423	2.641552511415525	7.50104821802935	0.6666666666666666	14.112021857923498	0.0	0.0	0.6457023060796646	0.0	40.83438155136268	21.305128205128206	15.660933660933662	12.918238993710691	4.604651162790698	2.1281512605042017	8.04325699745547	4.608843537414966	2.89727463312369	1.119496855345912	3.0461215932914047	0.0	0.0	0.0	0.3668763102725367	0.0	0.016771488469601678	0.0	1.230607966457023	4.967177242888402	0.44863731656184486
S201_Ribosomal_S2_44548	100.0	Bacteria	Bacteroidota	Bacteroidia	Bacteroidales	Bacteroidaceae	Bacteroides	None	0.0	0.0	0.0	1.2158894645941278	0.0	0.0	0.0	2.0567632850241546	109.90210656753408	37.986810551558754	19.30253164556962	37.95238095238095	3.604790419161677	0.4357262103505843	0.0	0.0	1.9165378670788253	0.8312611012433393	0.0	0.0	0.0	0.46953405017921146	0.0	0.0	2.9174964438122335	0.0	12.108387096774193	0.0	0.43103448275862066	0.42473118279569894	0.0	0.0	0.0	0.0	0.0	3.4492234169653524	0.0
S201_Ribosomal_S2_229900	98.3	Bacteria	Pseudomonadota	Gammaproteobacteria	Enterobacterales_A	Pasteurellaceae	None	None	0.0	0.0	0.0	13.734463276836157	0.0	10.34640522875817	0.0	0.0	0.0	18.344594594594593	1.7740112994350283	0.0	3.8079096045197742	4.0	131.625	89.26708074534162	6.711656441717792	3.3311258278145695	208.84745762711864	118.54088050314465	21.59036144578313	11.033898305084746	28.575949367088608	41.06707317073171	0.0	0.0	0.0	0.0	3.4858757062146895	0.0	0.0	0.0	0.0	0.0	0.0	0.0	0.0
S201_Ribosomal_S2_229901	100.0	Bacteria	Pseudomonadota	Gammaproteobacteria	Enterobacterales_A	Pasteurellaceae	Haemophilus_D	None	0.0	0.0	0.9694989106753813	6.083018867924529	0.0	7.437070938215103	0.0	0.0	0.0	15.518707482993197	0.46005509641873277	0.0	2.6551724137931036	2.79002079002079	121.1237322515213	53.94849785407725	10.023866348448687	3.8350340136054424	175.81172291296625	111.17547169811321	15.382504288164666	3.4798387096774195	21.40388768898488	27.558758314855876	0.0	0.0	0.0	0.0	1.7687074829931972	1.0065359477124183	0.0	0.0	0.0	0.0	0.0	0.0	0.0
S201_Ribosomal_S2_227353	99.2	Bacteria	Bacillota_A	Clostridia	Lachnospirales	Anaerotignaceae	Anaerotignum	None	0.0	0.0	0.0	0.0	0.0	0.0	0.0	0.0	1.6242690058479532	9.367624810892586	3.6114421930870084	0.0	0.0	0.0	0.0	0.0	0.0	0.0	0.0	0.0	0.0	0.0	0.0	0.0	0.0	0.0	0.0	0.0	0.0	0.0	0.0	0.0	0.0	0.0	0.0	0.0	0.0
S201_Ribosomal_S2_284186	96.2	Bacteria	Actinomycetota	Coriobacteriia	Coriobacteriales	Eggerthellaceae	Adlercreutzia	Adlercreutzia hattorii	0.0	0.0	0.0	2.136042402826855	7.765923566878981	0.0	0.0	3.376923076923077	5.20997920997921	12.456228956228957	4.941640378548896	7.7094736842105265	0.4054878048780488	3.3846153846153846	3.7603833865814695	2.0806100217864922	1.890453834115806	0.945226917057903	2.3630672926447573	3.185823754789272	11.218274111675127	6.731343283582089	9.223946784922395	7.5040387722132476	26.646942800788956	14.81859410430839	10.817535545023697	2.453763440860215	1.838810641627543	1.3114241001564946	12.738654147104851	4.94672131147541	7.642	10.374321880650994	17.149812734082396	3.5508607198748043	3.6901408450704225
S201_Ribosomal_S2_225306	100.0	Bacteria	Bacillota_A	Clostridia	Lachnospirales	Lachnospiraceae	Blautia_A	None	0.0	0.0	60.6703821656051	33.033850493653034	47.477428180574556	0.0	152.7109243697479	441.3319209039548	155.23759398496242	228.51581843191198	183.2836468885673	377.6238390092879	308.36273115220484	252.7563025210084	141.5533834586466	141.77941176470588	96.92991913746631	25.946902654867255	183.78604651162792	118.72101449275362	172.9742351046699	79.16558441558442	334.09183673469386	264.97993827160496	51.731914893617024	192.84474123539232	177.79372197309416	48.293010752688176	229.58573388203018	192.6225045372051	28.688854489164086	77.53370786516854	14.584010840108402	125.6320474777448	101.12903225806451	62.50824587706147	20.425182481751825
S201_Ribosomal_S2_153122	99.6	Bacteria	Bacillota_A	Clostridia	Oscillospirales	Ruminococcaceae	Faecalibacterium	None	0.0	0.0	50.90871369294606	49.55195911413969	153.49588138385502	2.8638059701492535	20.312406576980568	77.27638190954774	57.97572815533981	84.52025931928688	19.21576763485477	105.79160419790105	166.75959933222038	119.14485981308411	64.2014705882353	65.6797153024911	64.64635958395245	21.490401396160557	131.3976435935199	100.31410256410257	85.03951367781156	65.21812596006144	58.20974889217134	40.27524204702628	43.12542372881356	9.957723577235772	37.76565008025682	59.81669394435352	111.21772639691714	120.91983967935872	48.72682926829268	67.81636726546907	22.380417335473517	56.80398671096346	62.65810593900481	62.02090592334495	31.925133689839573
S201_Ribosomal_S2_316968	100.0	Bacteria	Bacillota_A	Clostridia	UBA1381	UBA1381	CAG-41	CAG-41 sp900066215	0.0	0.0	6.3884297520661155	2.2399425287356323	4.3558558558558556	0.0	15.687888198757763	53.92906574394463	26.09506398537477	0.4878048780487805	14.571157495256166	259.9628378378378	11.596119929453263	13.027737226277372	27.046017699115044	23.289340101522843	8.930769230769231	0.8224932249322493	9.623728813559323	6.655737704918033	13.738482384823849	3.3264094955489614	23.584795321637426	16.917857142857144	5.475279106858054	5.963478260869565	16.79779917469051	0.0	8.837243401759531	4.887737478411053	3.1827768014059754	7.645739910313901	0.0	16.582792207792206	13.624661246612465	13.87402799377916	2.059620596205962
S201_Ribosomal_S2_81448	100.0	Bacteria	Bacillota_A	Clostridia	Lachnospirales	Lachnospiraceae	Roseburia	Roseburia inulinivorans	0.0	0.0	2.228615863141524	1.5168690958164643	9.89820359281437	0.0	29.603915662650603	17.35	0.35517970401691334	21.230194319880418	4.72551724137931	21.303621169916436	80.62968099861304	63.756487025948104	149.63650793650794	126.6618962432916	44.19959677419355	10.352727272727273	79.36139332365748	31.110169491525422	2.921985815602837	3.480132450331126	39.61363636363637	21.32941176470588	10.422159887798037	5.421052631578948	8.55056179775281	1.6518218623481782	3.314229249011858	4.515723270440252	1.165991902834008	5.426450742240216	4.554655870445344	11.04913294797688	18.95169082125604	22.856711915535445	3.750455373406193
S201_Ribosomal_S2_363052	100.0	Bacteria	Bacillota_A	Clostridia	Lachnospirales	Lachnospiraceae	Dorea_A	Dorea_A longicatena	0.0	0.0	30.79482439926063	15.433878157503715	23.857350800582243	0.0	73.3327731092437	266.536036036036	51.333333333333336	66.40214067278288	63.56279809220986	111.5093525179856	276.1480206540447	217.26173541963016	236.2070707070707	227.92087542087543	104.89789789789789	27.399006622516556	149.56918687589157	95.85931034482759	156.7865168539326	72.46758620689656	322.5704918032787	208.19605077574047	61.23724137931035	44.90047393364929	117.56213017751479	18.45565749235474	184.9559659090909	143.42902711323765	24.46164383561644	67.68167202572347	12.260997067448681	151.18871252204585	132.8780487804878	115.44778481012658	27.78404401650619
S201_Ribosomal_S2_170552	100.0	Bacteria	Actinomycetota	Actinomycetia	Actinomycetales	Actinomycetaceae	Pauljensenia	Pauljensenia bouchesdurhonensis	0.0	0.0	1.1839506172839507	3.605294825511432	4.814453125	6.082332761578044	1.4070278184480234	20.084592145015105	2.1383989145183175	7.773775216138328	2.0216606498194944	5.995114006514658	10.421656050955415	2.93944099378882	6.465437788018433	7.739130434782608	5.022164276401565	0.5773195876288659	17.153164556962025	6.168	4.55316091954023	5.839285714285714	11.68537859007833	3.607701564380265	0.0	2.1468788249694004	0.0	0.0	1.91869918699187	0.0	0.0	2.404332129963899	1.407079646017699	1.0818291215403129	0.0	1.6610407876230662	1.8170878459687123
S201_Ribosomal_S2_106054	100.0	Bacteria	Bacillota_A	Clostridia	Oscillospirales	Ruminococcaceae	Faecalibacterium	None	0.0	0.0	148.19420783645657	144.92037470725995	408.7844660194175	112.92141453831042	36.43809523809524	224.5637149028078	198.2102908277405	227.91587301587302	128.85787671232876	275.7810858143608	377.22895622895624	396.0173913043478	286.6947723440135	351.7818181818182	177.78378378378378	82.91334488734836	332.05079365079365	247.16507936507938	352.03809523809525	238.65396825396826	218.04761904761904	151.35841584158416	259.53512396694214	81.35508637236084	186.77436823104694	99.60845588235294	264.4257246376812	291.6781818181818	200.2888888888889	91.70772058823529	90.78163265306122	168.74874371859298	221.6541019955654	128.66920152091254	82.20689655172414
S201_Ribosomal_S2_87634	100.0	Bacteria	Bacillota_A	Clostridia	Lachnospirales	Lachnospiraceae	Mediterraneibacter	Mediterraneibacter faecis	0.0	0.0	19.418367346938776	15.741776315789474	7.165333333333334	73.29833333333333	68.05185185185185	65.82982171799027	8.528333333333334	37.54624277456647	11.531664212076583	53.95272206303725	355.3438016528926	297.6746031746032	197.82020802377414	174.8675889328063	133.3026874115983	41.2374245472837	287.73539518900344	205.32102728731942	67.05808477237049	39.27089783281734	67.1159217877095	48.39041095890411	36.25176056338028	79.63373083475298	78.46616541353383	22.60262725779967	129.78816199376948	153.48467432950193	52.551263001485886	94.19554848966614	38.01410437235543	156.35235378031385	128.91860465116278	97.81228668941979	16.899852724594993
S201_Ribosomal_S2_33363	100.0	Bacteria	Actinomycetota	Coriobacteriia	Coriobacteriales	Eggerthellaceae	Adlercreutzia	Adlercreutzia equolifaciens	0.0	0.0	2.34180790960452	0.0	2.7899686520376177	0.0	0.0	5.435028248587571	10.089887640449438	17.345699831365938	9.015536723163843	9.686440677966102	5.315978456014363	2.395104895104895	0.9650655021834061	1.4980237154150198	0.0	0.0	1.8856624319419237	0.0	7.854771784232365	6.114406779661017	3.164341085271318	3.3934681181959565	10.363376251788269	4.868651488616463	4.433673469387755	10.976689976689977	9.024604569420035	7.12	3.236	10.874242424242425	5.049079754601227	39.642628205128204	24.955766192733016	22.927046263345197	4.267702936096718
S201_Ribosomal_S2_192084	100.0	Bacteria	Bacillota_A	Clostridia	Lachnospirales	Lachnospiraceae	Blautia_A	Blautia_A sp902782975	0.0	0.0	7.940677966101695	21.855072463768117	0.0	82.22448979591837	68.2536231884058	0.0	6.234848484848484	9.434426229508198	13.579710144927537	4.326086956521739	31.086614173228348	4.918367346938775	0.0	2.7868852459016393	6.408163265306122	0.0	11.826086956521738	9.822222222222223	44.96376811594203	34.60747663551402	0.0	8.243243243243244	6.507246376811594	5.594202898550725	0.0	4.217741935483871	0.0	15.060240963855422	0.0	6.7898550724637685	0.0	0.0	0.0	0.0	0.0
S201_Ribosomal_S2_56923	100.0	Bacteria	Actinomycetota	Actinomycetia	Actinomycetales	Bifidobacteriaceae	Bifidobacterium	Bifidobacterium pseudocatenulatum	0.0	0.0	0.0	115.84848484848484	40.22741433021807	219.95434782608694	212.14678899082568	4.844907407407407	46.990867579908674	33.10970464135021	11.215346534653465	23.620253164556964	38.27925531914894	29.579908675799086	26.79683972911964	18.192307692307693	0.0	0.0	0.0	0.0	0.0	0.0	5.7212543554006965	1.1595744680851063	1.0	41.32294617563739	6.73489932885906	0.5253164556962026	1.4120879120879122	18.096685082872927	0.0	0.6877637130801688	0.0	2.1877637130801686	2.903225806451613	5.528967254408061	5.71044776119403
S201_Ribosomal_S2_260189	100.0	Bacteria	Bacillota_A	Clostridia	Lachnospirales	Lachnospiraceae	Oliverpabstia	None	0.0	0.0	12.88507718696398	14.34775641025641	12.181660899653979	120.07066052227343	69.18696883852691	93.62035541195476	46.85402455661664	103.27506775067751	30.026446280991735	144.84006211180125	213.3355048859935	162.11544715447155	152.10896309314586	96.32669983416253	40.769881556683586	14.655971479500892	179.1818181818182	92.98821548821549	72.7756183745583	39.93009118541033	93.09822646657571	65.11221122112211	7.492561983471075	11.287758346581876	11.986644407345576	8.998644986449865	77.74280575539568	34.58997050147492	6.680743243243243	28.435082872928177	5.614329268292683	95.99726402188783	85.25785123966942	33.027104136947216	12.811866859623734
S201_Ribosomal_S2_221792	100.0	Bacteria	Bacillota_A	Clostridia	Oscillospirales	Butyricicoccaceae	Agathobaculum	Agathobaculum sp934504345	0.0	0.0	81.98299319727892	23.59090909090909	8.641666666666667	0.0	81.15934065934066	93.1264367816092	52.12481426448737	24.35632183908046	52.13023255813953	62.3856427378965	29.73421926910299	26.348968105065666	2.3112947658402203	2.5346534653465347	23.97962648556876	7.095092024539877	27.529411764705884	18.58307210031348	41.01381692573403	30.32460732984293	58.75780089153046	46.308035714285715	12.489731437598737	12.027496382054993	23.116788321167885	57.61068702290076	51.59298780487805	62.57377049180328	36.745098039215684	32.837025316455694	40.661514683153015	30.433870967741935	29.27247191011236	9.492586490939045	10.392351274787535
S201_Ribosomal_S2_317540	100.0	Bacteria	Bacillota_A	Clostridia	Oscillospirales	Ruminococcaceae	Faecalibacterium	None	0.0	0.0	27.09515570934256	152.1508078994614	24.190380761523045	0.0	478.3847874720358	78.92394822006473	175.54615384615386	229.7520391517129	31.633677991137372	99.65314401622717	161.5145038167939	156.27258805513017	79.31059245960503	118.22051282051282	88.8436974789916	39.85575048732944	144.61722488038276	78.603066439523	125.29268292682927	71.45616883116882	57.3394777265745	37.824615384615385	227.2807745504841	44.95652173913044	165.4688995215311	106.66113416320886	60.080065359477125	154.68333333333334	96.58347386172007	34.43269230769231	28.820945945945947	25.151857835218095	18.42211055276382	42.45643153526971	20.251633986928105
S201_Ribosomal_S2_323688	100.0	Bacteria	Bacillota_A	Clostridia	Lachnospirales	Lachnospiraceae	Blautia_A	None	0.0	0.0	31.637707948243992	98.40813008130081	39.49317406143345	1278.0967741935483	89.59813084112149	66.24358974358974	20.53565505804312	35.6998514115899	19.837241379310345	28.650238473767885	76.59696458684654	70.53831417624521	45.46534653465346	47.015306122448976	115.63559322033899	44.87149917627677	159.1320754716981	96.22401433691756	119.62025316455696	64.77168141592921	114.18163265306123	84.00167504187604	30.814055636896047	26.800376647834273	35.48217054263566	14.704125177809388	49.074333800841515	59.58786936236392	17.126064735945487	37.3583460949464	7.754189944134078	19.420058139534884	22.307692307692307	7.8203125	1.216637781629116
S201_Ribosomal_S2_321645	100.0	Bacteria	Bacteroidota	Bacteroidia	Bacteroidales	Bacteroidaceae	Bacteroides	Bacteroides uniformis	0.0	0.0	0.0	34.618705035971225	8.425207756232687	0.0	127.23089983022071	21.41238670694864	126.76643356643356	55.36472346786248	17.924929178470254	47.44158075601374	23.54320987654321	10.21584699453552	1.0170731707317073	6.58235294117647	44.21951219512195	10.993366500829188	0.9151079136690647	0.0	31.10079575596817	27.922272047832585	16.582829504232166	15.386091127098322	6.754816112084063	1.0817438692098094	13.203680981595092	13.247831474597273	2.424812030075188	7.021917808219178	10.087529976019185	2.088815789473684	0.0	14.381987577639752	10.457957957957959	15.281774580335732	2.023510971786834
S201_Ribosomal_S2_179309	100.0	Bacteria	Bacillota_A	Clostridia	Lachnospirales	Lachnospiraceae	Blautia_A	None	0.0	0.0	1.4801587301587302	3.4239130434782608	0.673469387755102	130.73737373737373	59.19927536231884	49.36909871244635	36.43968871595331	15.236363636363636	65.0672268907563	61.63333333333333	50.28260869565217	48.23529411764706	26.573863636363637	49.20192307692308	15.209523809523809	7.005291005291006	31.650205761316872	27.272	48.018115942028984	26.85	26.335164835164836	38.04524886877828	28.4147465437788	22.751243781094526	25.54251012145749	3.3656387665198237	23.845410628019323	17.815384615384616	11.329710144927537	11.0	7.5398550724637685	37.566820276497694	57.55299539170507	29.147368421052633	5.174887892376682
S201_Ribosomal_S2_179310	100.0	Bacteria	Bacillota_A	Clostridia	Lachnospirales	Lachnospiraceae	Blautia_A	Blautia_A faecis	0.0	0.0	4.559139784946237	0.8040540540540541	1.6972704714640199	128.28571428571428	84.55619596541787	69.04147465437788	35.545197740113	65.92349726775956	90.82954545454545	74.97443181818181	42.801829268292686	49.11711711711712	22.5	60.97427652733119	24.893333333333334	8.143695014662757	44.21035598705502	20.853479853479854	46.44159544159544	19.93617021276596	58.1439205955335	43.45707656612529	59.9375	39.182432432432435	33.46290801186944	3.472972972972973	15.554054054054054	20.144542772861357	17.80625	18.037558685446008	7.065040650406504	60.36079545454545	53.75585284280937	32.8463687150838	6.454954954954955
S201_Ribosomal_S2_294518	100.0	Bacteria	Bacillota_A	Clostridia	Lachnospirales	Lachnospiraceae	Clostridium_Q	Clostridium_Q fessum	0.0	0.0	12.13873873873874	4.29559748427673	10.798816568047338	19.81081081081081	5.365539452495974	14.179577464788732	14.069828722002635	19.321533923303836	2.979633401221996	11.592944369063773	6.008670520231214	2.2859477124183005	59.666666666666664	56.057607090103396	12.827077747989277	6.366120218579235	12.89871382636656	7.629729729729729	5.111913357400722	4.16147859922179	3.34981684981685	5.871886120996441	7.904494382022472	3.9850074962518742	26.87462686567164	8.485133020344287	13.52245508982036	44.44234079173838	13.524861878453038	12.928366762177651	10.185123966942148	2.79156010230179	0.0	3.498456790123457	5.709415584415584
S201_Ribosomal_S2_42104	98.6	Bacteria	Bacillota_A	Clostridia	Lachnospirales	Lachnospiraceae	RUG11237	RUG11237 sp017408735	0.0	0.0	0.41975308641975306	0.0	1.6790123456790123	0.0	28.907692307692308	3.111111111111111	1.6872427983539096	0.0	6.252380952380952	3.4074074074074074	18.108490566037737	12.48993288590604	12.375586854460094	24.88	5.790123456790123	7.782051282051282	14.908695652173913	10.586666666666666	17.588832487309645	1.8724279835390947	8.73542600896861	6.185185185185185	4.724279835390947	6.117073170731707	9.123456790123457	0.0	5.823045267489712	3.477366255144033	7.691358024691358	6.140127388535032	0.43209876543209874	10.0	5.787096774193548	7.7214285714285715	0.0
S201_Ribosomal_S2_88701	100.0	Bacteria	Bacillota_A	Clostridia	Lachnospirales	Lachnospiraceae	KLE1615	None	0.0	0.0	22.974462365591396	1.1254752851711027	1.2978453738910012	3.006337135614702	53.87261146496815	77.92367601246106	44.272340425531915	54.9136302294197	30.275409836065574	123.05503144654088	33.95750708215297	23.76283987915408	35.023809523809526	10.306539509536785	7.486780715396579	12.136125654450261	3.3936	2.6628643852978455	34.58505564387917	10.764963503649636	34.09759188846641	31.515151515151516	15.228650137741047	0.0	11.838304552590268	0.0	29.439739413680783	20.900262467191602	21.928362573099417	10.855421686746988	1.571992110453649	1.9447236180904524	4.397058823529412	2.2556270096463025	1.1691449814126393
S201_Ribosomal_S2_109703	99.6	Bacteria	Bacillota_A	Clostridia	Oscillospirales	Oscillospiraceae	ER4	ER4 sp000765235	0.0	0.0	14.946774193548388	88.10675039246468	28.85553772070626	0.0	0.0	2.752136752136752	84.49088145896657	85.38144329896907	2.681096681096681	48.992015968063875	19.45689655172414	23.346333853354135	6.556818181818182	11.663685152057244	23.569565217391304	7.51063829787234	23.803603603603605	14.633012820512821	70.09775641025641	57.6171875	63.92397660818713	40.85128205128205	116.6608695652174	21.197424892703864	87.33393177737881	119.26386806596702	13.916666666666666	24.556089743589745	189.14653465346535	32.82627118644068	38.74426229508197	98.37792642140468	89.98268398268398	86.65523809523809	35.767883211678836
S201_Ribosomal_S2_295562	100.0	Bacteria	Bacillota_A	Clostridia	Lachnospirales	Lachnospiraceae	Bariatricus	None	0.0	0.0	25.996491228070177	29.151219512195123	5.4229452054794525	0.0	122.08261617900172	0.0	0.8161888701517707	1.205733558178752	20.448924731182796	55.759410801963995	181.10670731707316	151.00423728813558	115.31626506024097	113.74074074074075	27.088996763754047	6.357566765578635	112.25202156334232	65.26023391812865	153.9189189189189	90.81270903010034	141.61184210526315	111.05571847507332	44.429190751445084	20.232526881720432	42.774193548387096	11.473765432098766	43.6771523178808	39.307272727272725	29.175539568345325	19.368055555555557	9.713615023474178	88.14652014652015	85.40053763440861	79.94401244167963	20.615591397849464
S201_Ribosomal_S2_212638	100.0	Bacteria	Actinomycetota	Actinomycetia	Actinomycetales	Bifidobacteriaceae	Bifidobacterium	None	0.0	0.0	0.0	66.25454545454545	31.016528925619834	122.40506329113924	105.51173708920187	0.0	27.511737089201876	12.68075117370892	4.7711442786069655	13.91044776119403	27.684848484848484	24.0	19.467105263157894	21.121951219512194	0.0	0.0	0.0	0.0	0.0	0.0	0.0	0.0	20.712264150943398	166.71361502347418	7.252747252747253	13.145539906103286	82.26760563380282	99.51980198019803	4.593984962406015	14.072463768115941	0.0	3.676328502415459	0.0	7.6875	0.0
S201_Ribosomal_S2_212132	100.0	Bacteria	Actinomycetota	Actinomycetia	Actinomycetales	Bifidobacteriaceae	Bifidobacterium	Bifidobacterium adolescentis	0.0	0.0	347.88993710691824	2.9267886855241265	217.14402618657937	264.0234741784038	0.0	143.46486486486486	62.86734693877551	155.90798611111111	464.62989323843414	217.69397217928903	20.148629148629148	9.106589147286822	23.216257668711656	9.06861063464837	25.098101265822784	16.77992277992278	21.7212020033389	22.106870229007633	77.14563106796116	59.78082191780822	162.4669051878354	158.1403785488959	0.0	722.0905797101449	286.6587301587302	388.6479591836735	1588.7240773286467	850.0336283185841	606.5218855218856	448.15198618307426	279.248	675.3573825503356	630.1578947368421	479.65056360708536	231.58699472759227
S201_Ribosomal_S2_71851	100.0	Bacteria	Bacillota_A	Clostridia	Lachnospirales	Lachnospiraceae	Eubacterium_F	None	0.0	0.0	3.7906976744186047	0.0	0.0	0.0	47.500736377025035	5.6243169398907105	68.09250398724083	35.86377245508982	33.69735006973501	13.912732474964235	0.0	0.0	2.046448087431694	0.0	9.141321044546851	0.0	0.825136612021858	0.0	38.40677966101695	23.1557719054242	0.0	0.0	1.446372239747634	3.7666666666666666	11.163230240549828	0.0	0.0	0.0	2.360655737704918	0.0	0.0	1.7076502732240437	2.747433264887064	7.952461799660441	2.4713178294573646
S201_Ribosomal_S2_336566	100.0	Bacteria	Bacillota_A	Clostridia	Lachnospirales	Lachnospiraceae	Eubacterium_G	Eubacterium_G ventriosum	0.0	0.0	0.0	0.0	0.0	0.0	14.996587030716723	33.735593220338984	9.156040268456376	20.92119089316988	7.193650793650794	48.52693602693603	0.6161290322580645	0.0	0.0	1.5086342229199372	2.9747292418772564	0.5307557117750439	11.7599451303155	2.858569051580699	15.597517730496454	20.61319340329835	3.36094674556213	0.6626016260162602	2.906721536351166	0.0	2.0932539682539684	0.4993141289437586	4.061564059900166	4.601990049751244	1.9615912208504802	0.0	0.0	16.196787148594378	20.650263620386642	42.508166969147005	0.0
S201_Ribosomal_S2_72891	100.0	Bacteria	Bacillota_A	Clostridia	Oscillospirales	Ruminococcaceae	Faecalibacterium	None	0.0	0.0	4.873015873015873	48.74603174603175	26.554455445544555	0.0	225.59259259259258	25.054054054054053	55.301587301587304	67.94179894179894	9.83068783068783	20.814814814814813	22.386363636363637	20.8515625	51.613756613756614	30.98235294117647	35.93650793650794	21.213793103448275	15.53968253968254	18.381944444444443	22.825396825396826	18.00735294117647	5.417989417989418	0.0	30.22962962962963	0.0	41.62566844919786	29.238095238095237	22.96062992125984	38.402116402116405	53.85454545454545	1.4774774774774775	3.492063492063492	0.0	0.0	13.005649717514125	9.068702290076336
S201_Ribosomal_S2_312000	100.0	Bacteria	Bacillota_A	Clostridia	Oscillospirales	Ruminococcaceae	Gemmiger	None	0.0	0.0	85.99527559055119	59.25418569254186	26.349579831932772	1412.6759410801965	0.0	205.66616989567808	182.68203497615264	136.12687813021702	124.00698080279233	198.08566721581548	199.23888888888888	186.08474576271186	81.94645941278065	99.53846153846153	62.62346760070052	15.978930307941653	94.76868829337094	58.78134110787172	101.03429602888086	46.71611721611722	118.47415066469719	82.02857142857142	157.48776978417266	3.161111111111111	76.89490968801313	181.7495590828924	301.609375	329.7346625766871	57.962566844919785	30.3328125	41.8	143.5625	125.44822006472492	151.70805369127515	87.4
S201_Ribosomal_S2_332481	100.0	Bacteria	Bacillota_A	Clostridia	Lachnospirales	Lachnospiraceae	Roseburia	Roseburia hominis	0.0	0.0	9.987889273356402	0.815114709851552	4.735694822888283	0.0	5.970858895705521	0.0	17.667617689015692	14.20199146514936	2.018808777429467	15.528901734104046	1.3559322033898304	1.7219973009446694	0.5411605937921727	2.133603238866397	1.3162118780096308	2.0053981106612686	0.870242214532872	0.0	8.769881556683588	2.653641207815275	5.438746438746438	4.12241653418124	42.025757575757574	8.597840755735493	12.263650546021841	12.525179856115107	0.0	2.2685560053981106	10.362363919129082	2.8181818181818183	15.67698259187621	28.91613924050633	16.56259659969088	18.095100864553313	4.769456681350954
S201_Ribosomal_S2_43712	100.0	Bacteria	Bacillota	Bacilli	Lactobacillales	Enterococcaceae	Enterococcus	Enterococcus faecalis	0.0	0.0	0.0	0.0	0.0	2.6839080459770117	0.24427480916030533	0.0	0.0	9.979137691237831	6.3893129770992365	0.0	0.787531806615776	0.8	0.0	0.0	11.33854907539118	1.4014869888475836	0.0	0.9465648854961832	0.0	0.0	0.7459016393442623	0.0	0.0	0.6692111959287532	0.0	0.0	0.0	0.0	0.0	3.4287531806615776	0.0	0.0	0.0	0.0	0.0
S201_Ribosomal_S2_26307	100.0	Bacteria	Bacillota_A	Clostridia	Lachnospirales	Lachnospiraceae	Dorea	Dorea formicigenerans	0.0	0.0	3.1007194244604315	7.750439367311072	7.089333333333333	0.0	4.007889546351085	227.31735537190082	30.1579754601227	41.74806800618238	39.775862068965516	110.40059790732437	61.268253968253966	55.47433903576983	135.26655629139074	95.2174688057041	25.378666666666668	10.26497005988024	65.83641536273115	45.49406528189911	42.6468797564688	13.965337954939342	37.25828729281768	44.62133333333333	14.25368248772504	15.248333333333333	20.588483146067414	5.691848906560637	37.761087267525035	34.399705014749266	13.599297012302285	13.509554140127388	5.169675090252707	24.178515007898895	32.31603773584906	17.34477379095164	1.9982876712328768
S201_Ribosomal_S2_250057	100.0	Bacteria	Bacillota	Bacilli	Lactobacillales	Streptococcaceae	Lactococcus	Lactococcus cremoris	0.0	0.0	0.0	0.0	0.0	0.0	0.0	0.0	0.0	0.0	5.00390625	7.121212121212121	4.366847826086956	3.451043338683788	0.0	0.0	0.0	0.0	0.0	0.0	0.0	0.0	0.0	0.0	0.0	0.0	0.0	0.0	0.0	0.0	0.0	0.0	0.0	1.125	0.0	2.33984375	0.0
S201_Ribosomal_S2_254153	100.0	Bacteria	Bacillota_A	Clostridia	Oscillospirales	Oscillospiraceae	None	None	0.0	0.0	4.477707006369426	7.03125	13.731601731601732	0.0	6.748917748917749	11.535135135135135	18.835714285714285	403.2647058823529	8.437229437229437	5.977876106194691	9.673333333333334	5.243421052631579	3.779220779220779	1.896103896103896	1.29004329004329	0.0	7.300448430493273	6.716216216216216	4.437229437229437	7.766233766233766	7.582278481012659	9.432432432432432	14.86111111111111	3.25	3.8051948051948052	9.251655629139073	0.0	5.855721393034826	6.895027624309392	4.64	4.45021645021645	0.0	9.236559139784946	4.01530612244898	7.483516483516484
S201_Ribosomal_S2_217808	100.0	Bacteria	Bacteroidota	Bacteroidia	Bacteroidales	Tannerellaceae	Parabacteroides	None	0.0	0.0	0.0	13.563975155279502	3.369472182596291	0.0	2.688311688311688	13.012173913043478	6.591127098321343	9.934920634920635	1.51985559566787	22.684370257966616	1.941034897713598	3.649295774647887	0.0	1.8313659359190557	13.40620957309185	2.842767295597484	3.1535087719298245	3.757936507936508	18.471942446043165	11.804161566707466	60.953867028493896	50.25	29.523592085235922	4.746290801186944	27.183867141162516	2.4815756035578147	0.0	2.0787801778907244	1.6919060052219321	0.0	0.0	0.0	0.0	3.4560117302052786	4.167259786476868
S201_Ribosomal_S2_107222	100.0	Bacteria	Bacillota_A	Clostridia	Oscillospirales	Acutalibacteraceae	UMGS1071	UMGS1071 sp900541905	0.0	0.0	0.0	0.0	0.0	0.0	7.079591836734694	2.048816568047337	3.3386454183266934	5.703216374269005	0.0	1.7891682785299807	0.0	0.0	0.0	0.0	0.0	0.0	0.0	0.0	0.0	0.0	0.0	0.0	0.0	2.1088977423638777	0.7504187604690117	0.0	1.4625176803394626	0.0	0.0	0.0	0.0	0.0	1.2084993359893759	0.2735723771580345	0.0
S201_Ribosomal_S2_308951	100.0	Bacteria	Bacillota_A	Clostridia	Oscillospirales	Oscillospiraceae	Dysosmobacter	Dysosmobacter welbionis	0.0	0.0	2.041095890410959	9.364548494983278	1.1616161616161615	0.0	2.0684931506849313	0.0	6.009803921568627	16.466257668711656	0.3424657534246575	1.6752136752136753	0.0	0.6242038216560509	0.0	0.0	2.3747016706443915	0.0	0.0	0.0	0.0	0.0	0.0	1.064625850340136	4.298882681564246	0.0	10.091690544412607	1.2959183673469388	0.0	0.0	4.939516129032258	0.0	0.445993031358885	3.3240223463687153	5.905963302752293	1.3812785388127853	0.0
S201_Ribosomal_S2_340696	100.0	Bacteria	Bacillota_A	Clostridia	Lachnospirales	Lachnospiraceae	UBA9414	UBA9414 sp018365895	0.0	0.0	0.0	0.0	0.0	7.534013605442177	0.0	7.7899159663865545	4.42	0.7551020408163265	0.0	0.0	0.7993197278911565	1.9149659863945578	0.0	0.0	0.0	0.0	0.0	0.0	0.0	0.0	0.0	0.0	0.0	0.0	0.41496598639455784	0.0	1.217687074829932	0.0	0.0	0.7619047619047619	0.0	0.0	0.0	0.0	1.0272108843537415
S201_Ribosomal_S2_36573	100.0	Bacteria	Bacillota_A	Clostridia	Lachnospirales	Lachnospiraceae	Anaerobutyricum	None	0.0	0.0	8.220367278797996	8.87431693989071	5.495440729483283	478.8282504012841	13.880989180834622	55.1125	8.958498023715414	49.68714285714286	19.90417310664606	85.51404494382022	138.40222575516694	124.82450331125828	59.58974358974359	72.29819694868239	29.95292207792208	10.612612612612613	118.30327868852459	83.63853503184713	72.64005602240897	34.4679054054054	97.4661921708185	100.34843205574913	28.086805555555557	68.88176638176638	71.61470588235294	13.486614173228347	88.21717990275526	87.85492227979275	17.221311475409838	23.341216216216218	5.152823920265781	75.74787052810903	50.387978142076506	63.23493044822256	7.919839679358717
S201_Ribosomal_S2_330466	100.0	Bacteria	Verrucomicrobiota	Verrucomicrobiae	Verrucomicrobiales	Akkermansiaceae	Akkermansia	None	0.0	0.0	0.0	0.0	0.0	0.0	0.0	0.0	0.0	0.0	0.0	69.64543889845095	0.0	0.0	0.0	0.0	0.0	0.0	0.0	0.0	0.0	0.0	0.0	0.0	49.60057471264368	43.78448275862069	33.263913824057454	28.480274442538594	0.0	0.0	0.0	0.0	0.0	0.0	0.0	0.0	0.0
S201_Ribosomal_S2_183531	100.0	Bacteria	Bacillota_A	Clostridia	Lachnospirales	Lachnospiraceae	Limivivens	Limivivens sp900543575	0.0	0.0	3.2253086419753085	9.391975308641975	7.530864197530864	0.0	4.8545454545454545	6.768518518518518	5.27906976744186	6.703703703703703	0.0	4.793918918918919	24.287037037037038	22.69753086419753	17.589506172839506	10.175925925925926	6.592592592592593	1.0	12.382716049382717	6.79320987654321	18.580246913580247	19.277533039647576	6.836538461538462	10.432098765432098	9.424137931034483	10.024691358024691	8.049382716049383	5.061728395061729	11.280864197530864	9.422680412371134	4.172839506172839	11.067901234567902	0.0	11.271604938271604	5.494949494949495	8.169753086419753	4.237654320987654
S201_Ribosomal_S2_201963	100.0	Bacteria	Actinomycetota	Coriobacteriia	Coriobacteriales	Eggerthellaceae	Gordonibacter	None	0.0	0.0	0.0	24.12142857142857	5.630914826498422	41.87837837837838	3.1545454545454548	0.0	3.690909090909091	5.6695652173913045	4.980066445182724	3.0306513409961684	0.0	0.0	0.0	0.0	0.8333333333333334	1.8303030303030303	0.0	0.0	0.0	0.0	0.0	0.0	0.0	4.536363636363636	6.807086614173229	0.9805194805194806	0.9151515151515152	2.203030303030303	3.6606060606060606	0.14948453608247422	0.0	0.0	0.0	9.437037037037037	0.0
S201_Ribosomal_S2_186093	100.0	Bacteria	Bacillota_A	Clostridia	Lachnospirales	Lachnospiraceae	Agathobacter	Agathobacter rectalis	0.0	0.0	172.48355263157896	49.37850467289719	22.139414802065403	2.339966832504146	840.7161016949152	129.55431309904154	83.4378818737271	502.02762430939225	237.09105180533751	524.6600306278714	408.3520336605891	377.612188365651	494.66158113730927	788.5279329608938	467.0478142076503	156.4609375	444.2349206349206	299.56957928802586	223.52272727272728	115.23666666666666	171.42926829268293	157.4207650273224	196.32575757575756	319.0422343324251	172.19225449515906	121.30428134556576	783.760294117647	1160.2947976878613	56.24411764705882	138.70286576168928	91.89659863945579	33.780058651026394	26.568567026194145	291.1505376344086	95.51367781155015
S201_Ribosomal_S2_331505	100.0	Bacteria	Bacillota_A	Clostridia	Lachnospirales	Lachnospiraceae	Blautia_A	Blautia_A wexlerae	0.0	0.0	96.21415270018622	69.60725552050474	36.2467248908297	486.25223880597014	221.86097152428812	389.54416961130744	92.43188854489163	333.16812865497076	201.64334705075447	523.1714285714286	740.6483357452967	735.4595336076818	633.3528528528528	504.64540059347183	126.85057471264368	36.42319749216301	305.6522462562396	175.15187969924813	333.2364620938628	179.3347050754458	258.5462478184991	221.20450606585788	132.89295774647888	66.64255910987482	73.07915993537965	60.72875816993464	202.51891891891893	249.5814917127072	132.9541547277937	25.358024691358025	25.345291479820627	175.3988326848249	114.52992700729926	148.62809917355372	36.39451114922813
S201_Ribosomal_S2_362227	100.0	Bacteria	Bacillota_A	Clostridia	Lachnospirales	Lachnospiraceae	Blautia_A	Blautia_A sp902782975	0.0	0.0	12.079710144927537	41.405797101449274	5.752380952380952	930.1746031746031	13.699029126213592	24.782608695652176	14.84297520661157	11.090909090909092	2.3840579710144927	33.09183673469388	49.65942028985507	29.71014492753623	11.943548387096774	31.901960784313726	66.82608695652173	34.15	36.53623188405797	80.94444444444444	21.865546218487395	40.1578947368421	85.99180327868852	36.05797101449275	29.20408163265306	17.797101449275363	24.23913043478261	4.985401459854015	31.7593984962406	46.66326530612245	11.652173913043478	18.877551020408163	0.5797101449275363	13.057971014492754	11.202898550724637	2.608695652173913	3.2318840579710146
S201_Ribosomal_S2_213236	100.0	Bacteria	Bacillota	Bacilli	Lactobacillales	Streptococcaceae	Streptococcus	None	0.0	0.0	0.0	11.338397790055248	10.49932157394844	31.555725190839695	4.902748414376322	32.87662337662338	6.447916666666667	18.693681318681318	1.8554033485540335	13.31397174254317	45.244897959183675	52.09128065395095	107.68836565096953	70.65924895688457	26.057347670250895	7.018207282913165	171.8081395348837	104.1232	63.296542553191486	40.128865979381445	170.1818181818182	134.93567251461988	8.787680209698559	7.11484593837535	4.287356321839081	0.2681992337164751	6.024896265560166	4.019417475728155	0.38058748403575987	0.0	0.0	2.124338624338624	0.0	0.0	0.0
S201_Ribosomal_S2_6398	95.7	Bacteria	Bacillota_A	Clostridia	Lachnospirales	Lachnospiraceae	None	None	0.0	0.0	0.0	0.0	0.0	0.0	0.6439628482972136	2.4829787234042553	1.1285714285714286	5.724210526315789	0.0	6.380952380952381	3.1718426501035197	6.040498442367602	0.0	0.40993788819875776	4.576407506702413	2.351966873706004	1.2960662525879918	2.25879917184265	2.8162544169611308	1.4472049689440993	0.4803312629399586	0.8509316770186336	1.6666666666666667	0.0	0.0	0.0	0.0	0.0	0.0	0.0	0.0	1.0248447204968945	0.0	3.153209109730849	0.0
S201_Ribosomal_S2_192779	100.0	Bacteria	Bacillota_A	Clostridia	Oscillospirales	Ruminococcaceae	Faecalibacterium	None	0.0	0.0	20.714285714285715	0.0	0.0	0.0	0.0	372.58730158730157	175.5978835978836	104.4973544973545	51.3968253968254	165.68783068783068	45.89417989417989	41.12169312169312	7.613496932515337	17.248322147651006	39.42857142857143	10.02116402116402	72.37037037037037	46.51851851851852	192.82634730538922	96.2	138.75661375661375	114.33862433862434	0.0	0.0	0.0	0.0	0.0	0.0	62.216931216931215	0.8835978835978836	1.4484848484848485	30.38095238095238	35.032	18.683098591549296	22.464052287581698
S201_Ribosomal_S2_192276	100.0	Bacteria	Bacillota_A	Clostridia	Lachnospirales	Lachnospiraceae	Agathobacter	None	0.0	0.0	0.0	0.0	0.0	0.0	233.23831775700936	84.46906474820143	162.37424242424242	47.29032258064516	38.384466019417474	259.81134969325154	120.56112852664577	130.32582582582583	125.56555772994129	150.5096685082873	44.27703703703704	17.676970633693973	160.91811023622049	105.62988115449915	7.4457050243111835	7.0	201.10614525139664	172.69135802469137	17.163723916532906	203.4025974025974	97.57670979667283	5.64935064935065	5.006600660066007	189.8904109589041	24.07547169811321	64.63923182441701	56.9746835443038	17.030254777070063	13.116724738675957	55.80960264900662	18.223062381852554
S201_Ribosomal_S2_191766	100.0	Bacteria	Bacillota	Bacilli	Erysipelotrichales	Coprobacillaceae	None	None	0.0	0.0	0.9045521292217328	4.968333333333334	0.0	64.24285714285715	0.7230215827338129	28.795379537953796	0.7927007299270074	14.739484396200814	5.497964721845319	22.54066985645933	13.51987281399046	26.837209302325583	9.397830018083182	10.809433962264151	1.543956043956044	0.0	4.05774647887324	1.3154172560113153	0.0	0.0	1.6757741347905282	0.0	4.405821917808219	5.714084507042253	2.493150684931507	0.0	2.771144278606965	5.660458452722063	3.4268585131894485	0.0	0.0	7.771956856702619	7.348529411764706	6.902077151335312	1.6474820143884892
S201_Ribosomal_S2_91933	100.0	Bacteria	Bacteroidota	Bacteroidia	Bacteroidales	Bacteroidaceae	Bacteroides	None	0.0	0.0	0.0	19.20662251655629	9.656010230179028	3.3693009118541033	37.32325886990802	50.14732724902216	118.57414965986395	76.72781774580336	15.944523470839261	75.77923784494087	16.15593705293276	21.294530154277698	1.1086092715231788	7.926974664679583	9.932283464566929	3.0391872278664733	1.5638450502152081	0.0	8.171799027552675	9.83676268861454	28.50906892382104	12.528974739970282	20.341463414634145	16.06779661016949	50.271186440677965	10.62214983713355	19.330578512396695	24.411552346570396	1.7048984468339308	0.0	0.0	17.68702290076336	13.880674448767834	50.07680250783699	10.12298682284041
S201_Ribosomal_S2_306461	100.0	Bacteria	Bacillota_A	Clostridia	Lachnospirales	Lachnospiraceae	Eisenbergiella	Eisenbergiella sp900066775	0.0	0.0	3.2742857142857145	3.6912280701754385	4.557894736842106	0.0	10.780590717299578	2.9011627906976742	5.03859649122807	3.1789473684210527	0.0	0.4672897196261682	45.818548387096776	45.23790322580645	3.3508771929824563	0.0	5.03859649122807	0.0	26.02061855670103	13.014134275618375	5.96	0.0	8.463157894736842	0.0	21.740088105726873	4.23859649122807	7.821052631578947	0.0	3.288135593220339	1.099290780141844	33.81439393939394	62.180952380952384	1.168421052631579	127.23555555555555	131.22477064220183	96.5234375	54.65829145728643
S201_Ribosomal_S2_207647	100.0	Bacteria	Bacillota_A	Clostridia	Oscillospirales	Ruminococcaceae	Faecalibacterium	Faecalibacterium sp934513205	0.0	0.0	76.55250403877221	103.63826606875934	7.906392694063927	0.0	189.66863905325442	713.2215288611544	479.1094276094276	438.7779552715655	130.96468401486987	306.0128617363344	263.5276532137519	313.6578014184397	87.21571648690293	131.54708520179372	116.95814648729447	59.0254110612855	254.1928251121076	147.30016583747928	335.9357249626308	199.76831091180867	218.2937181663837	187.74924471299093	303.1504424778761	52.904334828101646	205.96860986547085	91.12855007473841	65.95067264573991	137.23318385650225	198.0777279521674	64.64157119476269	23.193929173693085	94.99366085578447	71.78173374613003	52.87582781456954	39.19431988041853
S201_Ribosomal_S2_140578	100.0	Bacteria	Bacillota_C	Negativicutes	Acidaminococcales	Acidaminococcaceae	Phascolarctobacterium	None	0.0	0.0	0.0	0.0	0.0	0.0	0.0	0.0	18.916158536585368	11.343283582089553	0.0	11.441640378548897	0.0	0.0	0.0	0.0	0.0	0.0	0.0	0.0	0.0	0.0	0.0	0.0	2.5298126064735946	0.0	4.411405295315682	20.70919881305638	0.0	0.0	0.0	0.0	0.0	0.0	0.0	0.0	0.0
S201_Ribosomal_S2_124197	99.5	Bacteria	Bacillota_A	Clostridia	Lachnospirales	Lachnospiraceae	1XD42-69	1XD42-69 sp014287635	0.0	0.0	3.039039039039039	0.0	0.0	0.0	0.0	3.570542635658915	0.3086734693877551	10.406906906906906	0.53003003003003	19.24271844660194	0.0	2.222940226171244	1.3318318318318318	0.0	1.0363288718929253	0.9054054054054054	0.0	1.912912912912913	4.024024024024024	1.5088028169014085	0.9369369369369369	0.0	2.1036036036036037	0.0	1.3222003929273085	0.0	0.0	0.9069069069069069	0.0	0.0	0.0	4.1996996996997	0.9865384615384616	4.669505962521295	0.0
S201_Ribosomal_S2_165161	98.3	Bacteria	Bacillota_A	Clostridia	Lachnospirales	Lachnospiraceae	Butyribacter	Butyribacter sp003529475	0.0	0.0	0.0	0.0	0.0	0.0	46.53887884267631	1.3715220949263502	3.67624810892587	2.1719160104986877	0.0	29.368606701940035	0.0	1.27580372250423	0.0	0.0	1.3636363636363635	0.8923959827833573	2.1391076115485563	5.117256637168142	4.766457680250784	1.0981210855949897	0.0	0.0	0.0	0.0	1.1684053651266766	0.0	0.17979002624671916	0.0	0.3569553805774278	0.0	0.0	0.0	0.9201331114808652	2.6688172043010754	0.0
S201_Ribosomal_S2_70442	100.0	Bacteria	Bacillota_A	Clostridia	Lachnospirales	Lachnospiraceae	Fusicatenibacter	Fusicatenibacter saccharivorans	0.0	0.0	57.66125760649087	79.2365988909427	173.9963436928702	0.0	333.1170731707317	755.0	240.11912751677852	472.87538461538463	191.2436974789916	495.9583333333333	614.8581818181818	512.4783362218371	231.73144876325088	263.65367965367966	40.57675111773472	26.201724137931034	246.24300441826216	155.9591836734694	436.78253968253966	278.59157212317666	61.47761194029851	46.190779014308426	240.30824891461648	71.0071530758226	33.154639175257735	12.63716814159292	264.5937031484258	224.7485380116959	27.07075471698113	44.26271186440678	5.046992481203008	68.55575539568345	58.11764705882353	104.96170839469808	48.29071537290715
S201_Ribosomal_S2_85294	98.7	Bacteria	Actinomycetota	Coriobacteriia	Coriobacteriales	Eggerthellaceae	Adlercreutzia	Adlercreutzia sp910585575	0.0	0.0	0.0	0.3607705779334501	0.0	0.8119001919385797	0.0	8.217616580310882	19.524875621890548	19.036308623298034	1.7267441860465116	2.2481857764876634	0.0	0.0	0.0	0.0	0.0	0.0	0.0	0.0	0.0	0.0	0.0	0.0	0.0	0.0	0.0	0.0	0.0	0.0	0.0	0.0	0.0	0.0	0.0	0.0	0.0
S201_Ribosomal_S2_303919	100.0	Bacteria	Bacillota_A	Clostridia	Lachnospirales	Lachnospiraceae	Lachnospira	None	0.0	0.0	0.0	0.578544061302682	0.0	0.0	11.739495798319327	5.145539906103286	0.0	3.0748898678414096	0.0	8.269565217391305	1.157088122605364	0.0	0.0	0.0	33.16475095785441	11.888157894736842	10.866666666666667	6.287356321839081	6.467741935483871	0.0	3.976525821596244	6.352490421455939	5.128318584070796	0.0	1.157088122605364	0.0	0.0	0.0	0.0	0.0	1.0268199233716475	1.1494252873563218	0.0	8.392156862745098	0.0
S201_Ribosomal_S2_343859	97.6	Bacteria	Bacillota_A	Clostridia	Clostridiales	Clostridiaceae	Clostridium	Clostridium sp900543325	0.0	0.0	0.0	0.0	0.0	0.0	0.0	191.03664122137405	0.5853658536585366	0.0	0.6507936507936508	0.0	0.0	0.0	0.0	0.0	6.694488188976378	0.0	47.76070901033973	23.063872255489024	67.92495636998255	46.71875	41.38550724637681	19.807142857142857	5.551724137931035	0.5316973415132924	10.165991902834008	0.0	0.0	1.713235294117647	0.0	0.0	0.0	42.21114369501466	28.848598130841122	16.169014084507044	0.8184281842818428
S201_Ribosomal_S2_79156	100.0	Bacteria	Bacillota_A	Clostridia	Oscillospirales	Ruminococcaceae	Ruminococcus_D	None	0.0	0.0	5.442735042735043	0.0	0.0	0.0	0.0	1.536231884057971	11.631428571428572	79.00716332378224	20.150706436420723	53.89689034369886	4.381720430107527	1.6	0.0	0.6008064516129032	9.006745362563239	2.35752688172043	2.6774193548387095	1.0395189003436427	0.8924731182795699	0.0	4.469086021505376	0.0	11.640449438202246	4.008064516129032	1.718381112984823	0.782258064516129	1.2016129032258065	1.5940860215053763	7.970093457943925	1.4475806451612903	1.3494623655913978	6.043844856661045	5.856910569105691	11.38978494623656	1.6048387096774193
S201_Ribosomal_S2_186676	100.0	Bacteria	Bacillota_A	Clostridia	Oscillospirales	Ruminococcaceae	Faecalibacterium	Faecalibacterium hattorii	0.0	0.0	23.720101781170484	38.07086614173228	29.196774193548386	0.07462686567164178	61.52671755725191	99.95928753180661	30.778816199376948	63.43511450381679	5.587786259541985	56.343511450381676	85.11851851851851	62.07011070110701	35.825688073394495	23.770992366412212	76.95934959349593	42.56704980842912	84.18012422360249	72.78233438485805	89.4910941475827	54.7860824742268	51.475826972010175	58.170483460559794	18.031545741324923	2.2442748091603053	15.536895674300254	43.65472312703583	27.57	53.15210355987055	94.62849872773536	8.895674300254452	12.178117048346056	56.93023255813954	64.98727735368956	78.16184971098266	44.528901734104046
S201_Ribosomal_S2_116022	100.0	Bacteria	Actinomycetota	Actinomycetia	Actinomycetales	Bifidobacteriaceae	Bifidobacterium	None	0.0	0.0	175.7605633802817	0.0	185.1951219512195	218.9090909090909	1.267605633802817	83.21596244131456	24.41747572815534	91.81818181818181	234.7699530516432	124.8075117370892	4.442424242424242	1.5686274509803921	10.553459119496855	1.7265625	12.24736842105263	8.176470588235293	4.196629213483146	13.03883495145631	69.28169014084507	29.6056338028169	124.21827411167513	89.67136150234742	0.0	548.0639534883721	182.55399061032864	273.73939393939395	795.5025380710659	535.4213197969543	267.5774647887324	226.05164319248826	155.9212121212121	307.50704225352115	272.9951690821256	248.3763440860215	117.96153846153847
S201_Ribosomal_S2_140087	100.0	Bacteria	Bacteroidota	Bacteroidia	Bacteroidales	Bacteroidaceae	Phocaeicola	None	0.0	0.0	5.562783661119516	73.78809523809524	33.00561797752809	0.0	324.7180277349769	270.81026438569205	215.6768558951965	198.53566229985444	20.934278350515463	194.48899755501222	24.116981132075473	17.383580080753703	2.5914972273567467	15.958730158730159	3.5261627906976742	1.1057971014492753	3.5324675324675323	0.0	64.72172619047619	35.50247524752475	31.17403708987161	21.283333333333335	43.0	16.451005025125628	57.92805755395683	27.825665859564165	59.940446650124066	86.72131147540983	22.593851132686083	3.6476190476190475	0.0	12.688034188034187	7.918287937743191	31.858990944372575	4.892307692307693
S201_Ribosomal_S2_75578	100.0	Bacteria	Actinomycetota	Coriobacteriia	Coriobacteriales	Coriobacteriaceae	Collinsella	None	0.0	0.0	134.68908819133034	112.09615384615384	338.0041841004184	600.4517766497462	148.68276972624798	345.91319444444446	75.83986371379898	182.4289897510981	137.28120713305898	197.16440677966102	323.7133858267716	288.04089219330854	311.73809523809524	277.09327846364886	145.39085545722713	71.89607843137254	330.4166666666667	298.5088339222615	193.45681381957775	154.1778523489933	327.22998296422486	267.50912106135985	0.6869158878504673	3.9860529986052997	3.724743777452416	400.6766809728183	429.03795620437955	489.91926605504585	400.8791018998273	516.59287054409	158.77195945945945	542.6339434276206	417.6621823617339	407.7477477477477	158.7821482602118
S201_Ribosomal_S2_253764	100.0	Bacteria	Bacillota_A	Clostridia	Oscillospirales	Ruminococcaceae	Faecalibacterium	None	0.0	0.0	41.14718614718615	54.96536796536797	145.87012987012986	0.0	13.430851063829786	51.97402597402598	23.88744588744589	70.54112554112554	31.826839826839826	62.43722943722944	68.99086757990868	79.4069264069264	36.331288343558285	22.02262443438914	81.93073593073593	25.2987012987013	128.58441558441558	126.42857142857143	152.4227272727273	90.24242424242425	66.35497835497836	67.23376623376623	73.60606060606061	35.03463203463203	40.17748917748918	57.37433155080214	79.23376623376623	81.1948051948052	77.58441558441558	30.972093023255812	10.264705882352942	82.45021645021644	65.80952380952381	28.428571428571427	30.96969696969697
S201_Ribosomal_S2_208720	100.0	Bacteria	Bacillota_A	Clostridia	Lachnospirales	Lachnospiraceae	Lachnospira	Lachnospira rogosae	0.0	0.0	1.9555984555984556	0.0	0.0	0.0	2.0164271047227924	17.559356136820927	0.0	20.352765321375188	0.0	19.917975567190226	1.9316987740805605	2.0	0.0	0.0	23.017713365539453	7.717421124828532	5.715341959334566	3.9645608628659477	7.407534246575342	5.884902840059791	4.91522491349481	6.327769347496206	0.0	2.860082304526749	0.0	0.0	0.0	0.6995884773662552	1.5445816186556927	0.0	0.0	0.0	0.0	6.472340425531915	1.4458161865569272
S201_Ribosomal_S2_149335	100.0	Bacteria	Actinomycetota	Actinomycetia	Actinomycetales	Bifidobacteriaceae	Bifidobacterium	Bifidobacterium catenulatum	0.0	0.0	0.0	3.307392996108949	0.36036036036036034	655.814323607427	10.655045871559633	244.5397877984085	25.59672131147541	65.77244582043343	0.0	161.07445008460238	2.8639455782312924	9.800307219662058	5.547433903576983	0.0	31.570063694267517	18.606289308176102	1.9456066945606694	2.9515151515151516	0.0	0.0	6.642424242424243	5.968390804597701	47.42194744976816	990.0758426966293	109.83684950773558	54.33424657534247	331.7718023255814	522.689024390244	14.688691232528589	29.143661971830987	0.782258064516129	1.1715265866209263	0.0	0.2891089108910891	0.0
S201_Ribosomal_S2_77659	95.3	Bacteria	Bacillota_A	Clostridia	Lachnospirales	Lachnospiraceae	Limivivens	Limivivens sp900543575	0.0	0.0	4.15047879616963	2.822946175637394	6.409972299168975	0.0	2.268260292164675	11.215363511659808	3.098901098901099	2.4925864909390443	3.4416543574593796	8.140495867768594	5.787878787878788	5.4734982332155475	0.0	3.113144758735441	3.9945155393053016	3.0	13.70917225950783	7.067092651757188	26.567055393586006	11.615916955017301	10.351925630810094	5.7822045152722445	2.1436265709156195	6.8785425101214575	3.0230642504118617	1.7900641025641026	3.4120521172638436	2.5314814814814817	3.9145569620253164	4.652058432934927	0.5590969455511288	2.942528735632184	1.7406876790830945	8.577689243027889	1.596281540504648
S201_Ribosomal_S2_318813	98.3	Bacteria	Bacillota_A	Clostridia	Oscillospirales	Ruminococcaceae	Gemmiger	Gemmiger sp900554145	0.0	0.0	35.39798850574713	48.372093023255815	62.05047318611987	90.83507306889352	0.0	63.53611556982344	37.59880239520958	32.672	44.12404287901991	23.67294520547945	58.90502793296089	69.76080691642652	4.4692737430167595	11.221590909090908	42.27217125382263	19.991071428571427	72.80525502318393	54.26049204052099	200.91372549019607	146.52234206471493	61.05	38.17669902912621	25.107843137254903	58.58375634517766	20.03254972875226	4.948132780082988	19.998307952622675	26.830578512396695	88.57941176470588	66.26253687315634	54.24337748344371	55.36363636363637	66.29442508710801	64.2792511700468	52.40699523052464
S201_Ribosomal_S2_295775	99.6	Bacteria	Bacillota_A	Clostridia	Lachnospirales	Lachnospiraceae	Roseburia	None	0.0	0.0	0.0	0.0	0.0	0.0	216.07174231332357	87.32937181663837	19.848585690515808	19.734439834024897	8.129251700680273	56.01282051282051	14.75344827586207	19.950375939849625	0.0	3.915989159891599	0.0	0.0	58.77089783281734	28.741935483870968	55.89795918367347	25.264864864864865	26.690298507462686	10.405913978494624	12.081566068515498	0.0	8.150537634408602	6.565292096219931	22.011857707509883	17.698924731182796	1.6072931276297335	0.0	0.0	16.149709302325583	4.693233082706767	10.929264909847435	2.8655097613882865
S201_Ribosomal_S2_66413	100.0	Bacteria	Bacillota_C	Negativicutes	Veillonellales	Dialisteraceae	Dialister	Dialister invisus	0.0	0.0	0.0	0.0	0.0	64.20913107511046	292.2101806239737	39.37110016420361	24.411504424778762	15.115097159940209	13.584553928095872	117.78897637795275	0.0	0.0	0.0	0.0	0.0	0.0	0.0	0.0	0.0	0.0	0.0	0.0	213.00137551581844	351.70443349753697	488.9593023255814	0.0	0.0	0.0	0.0	0.0	0.0	0.0	0.0	0.0	0.0
S201_Ribosomal_S2_62833	100.0	Bacteria	Bacillota_A	Clostridia	Oscillospirales	Acutalibacteraceae	UBA1417	None	0.0	0.0	38.37808219178082	2.320855614973262	8.385906040268456	0.0	0.0	20.189792663476872	47.68296529968454	82.3550135501355	18.178517397881997	35.503571428571426	21.9264	8.759016393442623	7.2404692082111435	10.372628726287262	4.167375886524822	4.414266117969822	240.00462249614793	154.41949152542372	52.24563953488372	34.21258503401361	17.05918057663126	7.926100628930818	39.42956521739131	11.569400630914826	10.035772357723577	0.9092140921409214	2.75	1.4665226781857452	17.58103448275862	29.274084124830395	2.9645061728395063	55.265546218487394	65.67532467532467	83.31818181818181	49.95494186046512
S201_Ribosomal_S2_101233	100.0	Bacteria	Bacillota_A	Clostridia	Lachnospirales	Lachnospiraceae	Anaerostipes	None	0.0	0.0	16.18549511854951	19.687392055267704	1.3523316062176165	372.59556313993176	68.93969144460029	95.93481276005548	24.923753665689148	107.2865090403338	11.33435582822086	221.64786585365854	98.67138364779875	92.8772504091653	18.372488408037093	27.06445993031359	32.80582524271845	4.4236706689536875	25.038079470198674	27.08717105263158	38.812405446293496	15.952238805970149	53.242085661080075	48.70652173913044	25.684108527131784	103.1501547987616	108.87121212121212	1.312638580931264	109.24292101341281	203.8906497622821	15.120448179271708	20.05128205128205	5.169580419580419	55.71196754563895	47.67799113737075	68.75244299674267	7.848275862068966
S201_Ribosomal_S2_309128	99.6	Bacteria	Bacillota_A	Clostridia	Lachnospirales	Lachnospiraceae	Enterocloster	Enterocloster sp000431375	0.0	0.0	1.396	2.9761904761904763	3.2010796221322537	0.0	15.205333333333334	17.656351791530945	5.922077922077922	7.751188589540412	2.2370689655172415	11.527272727272727	1.8239095315024232	0.8672897196261682	2.052112676056338	0.9369918699186992	6.047169811320755	5.772	11.226470588235294	4.216442953020135	2.980935875216638	0.0	5.765333333333333	5.912	0.8247078464106845	3.2213333333333334	4.8686371100164205	0.0	0.0	3.4317718940936865	1.3927893738140418	1.984	2.2079646017699117	0.0	0.0	1.7410881801125704	4.6626666666666665
S201_Ribosomal_S2_109965	99.2	Bacteria	None	None	None	None	None	None	0.0	0.0	1.171875	4.623697916666667	39.3889816360601	66.42	45.94034090909091	53.17777777777778	7.969502407704655	67.44117647058823	4.974603174603175	36.563802083333336	291.4702380952381	311.6635262449529	700.0932203389831	492.5440956651719	65.20236336779911	20.59099804305284	55.075384615384614	37.35546875	233.69374167776297	118.00320512820512	585.5395095367847	477.3258594917788	27.832611832611832	48.4912	33.81117021276596	3.8359941944847606	74.08294930875576	15.7859375	0.0	0.0	0.0	0.0	0.0	1.03125	0.0
S201_Ribosomal_S2_101267	100.0	Bacteria	Bacillota_A	Clostridia	None	None	None	None	0.0	0.0	1.5047619047619047	1.2857142857142858	0.0	75.25510204081633	59.19387755102041	51.08163265306123	29.808988764044944	14.303030303030303	32.55882352941177	32.82105263157895	33.765306122448976	11.53	19.0	25.02857142857143	12.265822784810126	4.371428571428571	16.974025974025974	14.551020408163266	43.68292682926829	12.415384615384616	42.53333333333333	24.844444444444445	43.264367816091955	28.214285714285715	17.346938775510203	2.659090909090909	6.106060606060606	15.447619047619048	9.126760563380282	4.571428571428571	1.8761904761904762	34.06172839506173	27.44	22.914285714285715	6.885714285714286
S201_Ribosomal_S2_77211	100.0	Bacteria	Bacteroidota	Bacteroidia	Bacteroidales	Bacteroidaceae	Bacteroides	None	0.0	0.0	0.0	11.015128593040847	7.3076923076923075	0.0	34.02416918429003	14.175627240143369	51.547381546134666	35.25681492109039	1.003584229390681	20.320777642770352	0.0	0.0	0.0	0.0	0.0	0.0	0.0	0.0	11.426490066225165	6.936390532544379	0.0	1.4432497013142174	14.31211498973306	0.8960573476702509	17.203338391502275	0.0	0.0	0.0	1.5867875647668395	0.6111111111111112	2.164874551971326	0.0	0.0	0.8879093198992444	0.0
S201_Ribosomal_S2_148390	100.0	Bacteria	Bacillota_A	Clostridia	Lachnospirales	Lachnospiraceae	Coprococcus_A	Coprococcus_A catus_A	0.0	0.0	3.033333333333333	0.0	10.651470588235295	0.0	0.0	6.70811744386874	4.928308823529412	19.071925754060324	7.936426116838488	25.93900481540931	15.274542429284526	9.808306709265176	1.1415607985480944	7.906137184115524	13.134466769706338	2.615533980582524	7.462925851703407	12.089123867069487	27.169657422512234	23.21361058601134	67.11320754716981	38.38166666666667	0.9673202614379085	4.990182328190743	0.5765027322404371	1.151639344262295	6.4788213627992635	4.303636363636364	3.0325379609544467	7.774074074074074	1.3470394736842106	20.973426573426572	23.26917293233083	6.8652037617554855	3.384873949579832
S201_Ribosomal_S2_202685	100.0	Bacteria	Bacillota_A	Clostridia	Lachnospirales	Lachnospiraceae	Limivivens	Limivivens sp900543575	0.0	0.0	2.4324324324324325	11.287644787644787	7.227118644067796	5.794376098418278	0.0	6.315565031982943	3.050656660412758	6.521988527724665	3.047008547008547	5.4980237154150196	32.24485981308411	28.055837563451778	17.68765743073048	12.820338983050847	2.8132854578096946	3.191869918699187	10.365805168986084	11.216666666666667	23.23091976516634	13.806837606837608	6.645276292335116	9.682119205298013	13.922606924643585	4.8406113537117905	12.652032520325204	2.758695652173913	9.038860103626943	17.676923076923078	6.553333333333334	12.056433408577877	2.3469055374592833	9.874791318864775	11.06276150627615	3.7213822894168467	2.0447427293064875
S201_Ribosomal_S2_230848	100.0	Bacteria	Bacillota_A	Clostridia	Lachnospirales	Lachnospiraceae	Lachnoclostridium_B	Lachnoclostridium_B sp900066555	0.0	0.0	1.0276497695852536	3.657631954350927	0.0	3.3945578231292517	0.0	8.775910364145659	3.787142857142857	5.918560606060606	1.5276381909547738	6.991124260355029	18.74715909090909	9.887005649717514	24.81451612903226	21.301412872841443	3.0816326530612246	0.7567164179104477	10.112324492979718	1.838095238095238	6.2136054421768705	3.021276595744681	3.1076040172166426	1.5688202247191012	0.0	2.2181008902077153	4.95748031496063	0.9109848484848485	6.467153284671533	9.778471138845553	3.2231292517006804	1.7901639344262295	1.0784883720930232	9.323671497584542	5.774052478134111	5.551020408163265	0.0
S201_Ribosomal_S2_309702	99.4	Bacteria	Bacillota	Bacilli	Lactobacillales	Streptococcaceae	Streptococcus	Streptococcus thermophilus	0.0	0.0	0.0	2.3591397849462368	0.0	20.830188679245282	0.0	7.1975	7.79913606911447	48.667605633802815	2.9338422391857506	33.64393939393939	29.71014492753623	80.62844036697248	1.7039337474120082	0.0	0.0	0.0	43.296052631578945	24.790996784565916	4.256345177664975	0.0	13.655172413793103	4.581780538302278	0.0	0.16356107660455488	0.0	0.0	0.0	0.0	0.0	0.0	0.0	0.0	0.0	0.0	0.0
S201_Ribosomal_S2_79305	100.0	Bacteria	Bacillota_A	Clostridia	Oscillospirales	Acutalibacteraceae	Ruminococcus_E	None	0.0	0.0	1.3918367346938776	10.526530612244898	26.06530612244898	0.0	732.3666092943201	0.0	0.0	0.0	89.10687022900764	0.0	83.83426183844011	82.52542372881356	24.45986394557823	54.714285714285715	6.188133140376267	1.8448979591836734	5.2	2.0452586206896552	45.017716535433074	14.700819672131148	0.32108843537414966	0.0	69.07619047619048	220.20816326530613	132.88707482993198	9.863945578231293	0.0	44.07620817843866	47.30696202531646	1.525170068027211	6.205479452054795	535.1918367346939	390.24897959183676	198.67755102040817	31.523972602739725
S201_Ribosomal_S2_229322	100.0	Bacteria	Actinomycetota	Actinomycetia	Actinomycetales	Bifidobacteriaceae	Bifidobacterium	Bifidobacterium longum	0.0	0.0	33.74564926372155	59.8834808259587	38.793977812995244	783.1034482758621	144.49078726968173	209.8637532133676	84.63009845288326	123.47805642633229	10.359683794466402	74.70454545454545	0.0	0.0	0.9735006973500697	0.0	14.34703196347032	5.870875179340029	6.525815217391305	5.095959595959596	35.58584337349398	18.802292263610315	53.15571776155718	28.690705128205128	22.56997084548105	229.2032	42.663851351351354	39.29651162790697	118.58483754512635	28.30592105263158	0.0	0.0	0.0	15.807745504840941	8.212947189097104	2.9879725085910653	3.30173564753004
S201_Ribosomal_S2_149453	100.0	Bacteria	Bacillota_A	Clostridia	Lachnospirales	Lachnospiraceae	Hominisplanchenecus	None	0.0	0.0	10.364686468646864	0.0	0.3401360544217687	0.0	103.55105105105105	188.30990990990992	52.973377703826955	166.75471698113208	68.60027285129604	183.94241842610364	22.33659217877095	15.867172675521822	13.851099830795262	20.421739130434784	1.3391915641476275	2.1738525730180807	6.236156351791531	3.6816326530612247	12.272380952380953	7.764625850340136	0.0	1.526530612244898	40.777142857142856	0.5338842975206611	1.842507645259939	27.0828488372093	71.8433908045977	17.92517006802721	1.9834162520729686	2.043537414965986	3.2843537414965986	12.3268156424581	6.360967184801382	6.909090909090909	3.8612244897959185
S201_Ribosomal_S2_87511	100.0	Bacteria	Bacillota_A	Clostridia	Oscillospirales	Oscillospiraceae	Evtepia	Evtepia sp004556345	0.0	0.0	17.849056603773583	18.3237639553429	17.316770186335404	0.0	0.0	3.463022508038585	40.054329371816635	35.81149012567325	24.510204081632654	35.207729468599034	62.812056737588655	46.72029250457038	38.612724757952975	42.32692307692308	31.05790297339593	9.077777777777778	71.43562874251496	36.23620689655172	26.861370716510905	14.080357142857142	21.551867219917014	11.192697768762677	29.21875	8.067736185383245	30.650959860383946	63.96518987341772	25.104790419161677	36.207296849087896	67.60662824207493	53.129082426127525	30.093272171253822	33.04440789473684	25.362204724409448	22.41337907375643	3.2264150943396226
S201_Ribosomal_S2_188378	100.0	Bacteria	Bacteroidota	Bacteroidia	Bacteroidales	Rikenellaceae	Alistipes	Alistipes shahii	0.0	0.0	3.201811125485123	75.14890885750962	142.71633237822348	0.7991313789359392	4.073286052009457	0.0	12.812425328554362	8.910171730515192	0.0	1.200868621064061	16.924615384615386	6.974890829694323	0.0	6.111709286675639	7.7639836289222375	3.8763440860215055	1.1473829201101928	6.351590106007067	118.56983240223464	91.00372208436724	78.66438356164383	65.83913565426171	35.68403908794788	44.31191432396252	29.48238897396631	68.46643913538111	15.64386536373507	21.933767643865362	51.49747474747475	22.897777777777776	12.548906789413119	26.074923547400612	25.5880195599022	62.27443105756359	21.255125284738043
S201_Ribosomal_S2_103387	100.0	Bacteria	Bacillota_A	Clostridia	Oscillospirales	Oscillospiraceae	Vescimonas	Vescimonas coprocola	0.0	0.0	10.411214953271028	37.496996996997	32.57207890743551	0.0	20.640915593705294	0.0	4.61259842519685	7.85016835016835	4.836524300441826	2.881877022653722	8.52901023890785	7.080935251798561	3.5733082706766917	4.7064516129032254	30.61376673040153	10.351648351648352	20.325652841781874	19.16788321167883	28.694101508916322	28.616666666666667	32.87899860917942	25.947873799725652	66.5532212885154	13.350157728706625	77.64148351648352	22.048128342245988	9.056396148555708	9.076190476190476	245.96597353497165	45.57142857142857	52.574040219378425	43.038216560509554	33.58299039780521	29.97685185185185	11.32643312101911
S201_Ribosomal_S2_75241	100.0	Bacteria	Bacillota_A	Clostridia	Oscillospirales	Ruminococcaceae	Faecalibacterium	None	0.0	0.0	28.889473684210525	36.082251082251084	86.93939393939394	55.891774891774894	21.70995670995671	40.59307359307359	28.28787878787879	34.72429906542056	32.03896103896104	41.570093457943926	65.15584415584415	102.66826923076923	65.6017316017316	81.54112554112554	13.060913705583756	5.825806451612904	36.5	21.295	27.536796536796537	14.058035714285714	19.069651741293534	9.994152046783626	30.706976744186047	35.289655172413795	49.38961038961039	24.662337662337663	55.80748663101604	57.03738317757009	20.356435643564357	11.972677595628415	13.709523809523809	26.102941176470587	25.194805194805195	15.662337662337663	14.220779220779221
S201_Ribosomal_S2_223728	99.6	Bacteria	Bacillota_A	Clostridia	Lachnospirales	Lachnospiraceae	Eubacterium_I	None	0.0	0.0	6.621710526315789	5.033103448275862	2.5422680412371133	0.0	0.0	87.85355029585799	10.43952802359882	42.523809523809526	9.318367346938775	37.57566302652106	50.621212121212125	46.265151515151516	7.61	14.836624775583482	3.6639455782312926	5.314241486068111	12.388198757763975	7.10586011342155	20.7555910543131	8.718106995884774	9.844927536231884	8.810996563573884	8.46774193548387	6.4504065040650405	8.237960339943342	18.5904	15.144712430426717	10.183195592286502	9.17921146953405	10.78018018018018	6.638888888888889	8.264912280701754	7.500699300699301	12.768551236749117	0.5445205479452054
S201_Ribosomal_S2_102389	99.6	Bacteria	Bacillota_A	Clostridia	Oscillospirales	Oscillospiraceae	CAG-103	CAG-103 sp000432375	0.0	0.0	8.671768707482993	4.463790446841294	12.301994301994302	0.0	0.0	1.5645933014354068	20.536619718309858	28.519368723098996	13.61187214611872	25.41860465116279	11.862068965517242	7.363468634686347	1.4652777777777777	0.7117750439367311	34.66241134751773	7.1421052631578945	37.35007385524372	31.119822485207102	83.08403361344538	54.17391304347826	30.65814696485623	24.747774480712167	49.791741472172355	7.8450244698205545	22.04754601226994	161.4125636672326	16.302777777777777	21.978221415607987	181.25076923076924	29.65972222222222	26.630088495575222	33.627906976744185	35.81985294117647	62.81046676096181	35.96219931271477
S201_Ribosomal_S2_82935	100.0	Bacteria	Bacillota_A	Clostridia	Lachnospirales	Lachnospiraceae	W0P33-017	W0P33-017 sp017623885	0.0	0.0	8.953333333333333	5.34	2.933333333333333	2.62	49.24666666666667	13.426666666666666	19.28	44.88	14.886666666666667	22.575	7.78	22.433333333333334	21.006666666666668	11.213333333333333	18.257425742574256	6.913333333333333	16.36	15.466666666666667	4.513333333333334	3.6133333333333333	8.433333333333334	10.926666666666666	2.7933333333333334	10.993333333333334	6.04	8.553333333333333	19.573333333333334	24.993333333333332	2.7133333333333334	5.24	11.84	9.086666666666666	1.1133333333333333	23.886666666666667	2.533333333333333
S201_Ribosomal_S2_361464	100.0	Bacteria	Bacteroidota	Bacteroidia	Bacteroidales	Tannerellaceae	Parabacteroides	None	0.0	0.0	0.6463560334528077	1.997610513739546	9.763768115942028	0.0	10.648247978436657	2.7923976608187133	7.854227405247814	9.188180404354588	0.0	9.876315789473685	0.7443249701314217	0.8516284680337757	0.0	0.0	8.014285714285714	1.1268221574344024	0.0	0.0	6.821614583333333	2.0453857791225416	3.084137931034483	4.052825552825553	3.3500597371565113	0.0	11.09557945041816	0.0	4.91437802907916	1.9901823281907434	0.0	0.0	0.0	0.0	0.0	10.99320652173913	2.004778972520908
