scg_name	percent_identity	t_domain	t_phylum	t_class	t_order	t_family	t_genus	t_species	NEG_UWTrinh_BS_0001_F05	NEG_UWTrinh_BS_0001_H05	S200_V00	S200_V11	S200_V22	S200_V33	S200_V44	S201_V00	S201_V11	S201_V22	S201_V33	S201_V44	S207_V0A	S207_V0B	S207_V2A	S207_V2B	S208_V0A	S208_V0B	S208_V2A	S208_V2B	S210_V0A	S210_V0B	S210_V1A	S210_V1B	S211_V00	S211_V11	S211_V22	S212_V00	S212_V11	S212_V22	S213_V00	S213_V11	S213_V22	S214_V0A	S214_V0B	S214_V2A	S214_V2B
S211_Ribosomal_S2_138244	100.0	Bacteria	Pseudomonadota	Gammaproteobacteria	Burkholderiales	Burkholderiaceae_A	Parasutterella	None	0.0	0.0	0.0	14.178628389154705	0.0	0.0	0.0	0.0	1.9710144927536233	0.0	0.0	0.0	0.0	0.0	0.0	0.0	0.0	0.0	0.0	0.0	2.441747572815534	0.0	0.0	0.0	5.717863105175292	0.0	0.8866930171277997	5.321475625823452	3.864705882352941	0.0	0.0	0.0	0.0	0.0	0.8133595284872298	4.601115760111576	2.494236311239193
S211_Ribosomal_S2_109061	100.0	Bacteria	Bacillota_A	Clostridia	Oscillospirales	Ruminococcaceae	Ruminococcus_C	Ruminococcus_C sp000433635	0.0	0.0	81.38025889967638	0.0	0.0	0.0	152.81833616298812	0.0	0.0	0.0	0.0	0.0	0.0	0.0	0.0	0.0	37.78927911275416	19.435456110154906	88.1493710691824	61.70136518771331	86.03558052434457	53.94459833795014	78.80168776371308	52.49154929577465	62.675599435825106	13.58877086494689	69.29704301075269	0.0	0.0	0.0	2.6636971046770603	0.0	0.0	9.304728546409807	10.546099290780141	2.5	3.5389473684210526
S211_Ribosomal_S2_256006	100.0	Bacteria	Bacillota_A	Clostridia	Oscillospirales	Oscillospiraceae	CAG-103	CAG-103 sp900543625	0.0	0.0	11.081210191082803	3.9440993788819876	12.198830409356725	0.0	0.0	1.4646781789638932	17.07488986784141	26.57932011331445	12.210013908205841	19.841487279843445	14.36111111111111	8.614678899082568	1.3621262458471761	0.0	36.278195488721806	7.092537313432836	31.802946593001842	28.410742496050553	95.50081566068515	73.23242467718795	36.81749622926093	26.250814332247558	57.641666666666666	7.9051580698835275	27.17882689556509	154.6395173453997	13.080555555555556	23.539969834087483	190.68725099601593	35.92413793103448	25.797619047619047	27.858034321372855	34.30864197530864	49.63001485884101	25.263772954924875
S211_Ribosomal_S2_64007	99.2	Bacteria	Bacillota_A	Clostridia	Oscillospirales	Oscillospiraceae	CAG-170	CAG-170 sp000432135	0.0	0.0	8.057565789473685	2.2130081300813007	5.724508050089446	0.0	0.0	0.0	0.0	0.0	0.0	0.0	22.69311377245509	11.247154471544716	0.9295392953929539	0.9701492537313433	12.270773638968482	8.40133779264214	14.420353982300885	15.429539295392955	12.49641577060932	15.281739130434783	18.225266362252665	16.27659574468085	13.388501742160278	5.009884678747941	28.89430894308943	13.10896551724138	4.709912536443149	9.874074074074073	56.22782608695652	16.899725274725274	7.02280701754386	12.295485636114911	4.3771760154738875	35.6875	15.727272727272727
S211_Ribosomal_S2_337935	99.2	Bacteria	Bacillota_A	Clostridia	TANB77	CAG-508	CAG-269	CAG-269 sp001916035	0.0	0.0	0.0	0.0	0.0	0.0	0.0	0.0	0.0	0.0	0.0	0.0	3.487844408427877	6.065595716198126	0.964041095890411	1.7281045751633988	1.6742424242424243	0.49673202614379086	1.1009771986970684	0.4486607142857143	0.0	0.0	0.0	0.0	1.7234600262123199	25.938176197836167	4.387040280210158	0.0	0.0	0.0	0.0	1.0941176470588236	0.0	6.390350877192983	15.095959595959595	8.761160714285714	0.8627450980392157
S211_Ribosomal_S2_59408	100.0	Bacteria	Bacteroidota	Bacteroidia	Bacteroidales	Rikenellaceae	Alistipes	Alistipes shahii	0.0	0.0	1.7247386759581882	38.89732770745429	46.793342579750345	0.0	1.753774680603949	0.0	9.62316715542522	6.845112781954887	1.4329896907216495	1.0673635307781648	10.1	2.332173913043478	0.0	5.205882352941177	7.830319888734353	2.7303030303030305	0.6505376344086021	3.102206736353078	89.49937733499377	60.108247422680414	37.16576086956522	40.06039488966318	17.089430894308943	32.54426705370101	19.152974504249293	40.247142857142855	7.714788732394366	3.500840336134454	50.8303934871099	20.961021505376344	13.396914446002805	27.109709962168978	23.686813186813186	55.907407407407405	12.368495077355837
S211_Ribosomal_S2_190991	100.0	Bacteria	Bacillota_A	Clostridia	None	None	None	None	0.0	0.0	0.0	0.0	0.0	0.0	0.0	0.0	0.0	0.0	0.0	0.0	0.0	0.0	0.0	0.0	0.0	2.4166666666666665	0.0	1.6979166666666667	10.03125	8.5625	0.0	2.65625	1.8333333333333333	0.0	2.763157894736842	0.0	0.0	0.0	0.0	0.0	0.0	6.625	0.7377049180327869	6.585365853658536	6.393258426966292
S211_Ribosomal_S2_409618	100.0	Bacteria	Bacteroidota	Bacteroidia	Bacteroidales	Rikenellaceae	Alistipes_A	Alistipes_A sp900539755	0.0	0.0	0.0	0.0	0.4583333333333333	0.0	0.0	0.0	0.0	0.0	0.0	0.0	0.0	3.2	0.0	0.0	0.0	0.0	0.0	0.0	0.0	0.0	0.0	0.0	1.2666666666666666	3.0	4.583333333333333	0.9519230769230769	0.5083333333333333	0.0	0.0	0.0	0.0	0.0	0.0	0.0	0.0
S211_Ribosomal_S2_171029	100.0	Bacteria	Bacillota_A	Clostridia	Lachnospirales	Lachnospiraceae	Fusicatenibacter	Fusicatenibacter saccharivorans	0.0	0.0	56.06425702811245	78.43133802816901	172.73534635879219	0.0	332.5225080385852	754.9620462046205	238.92857142857142	471.91883614088823	191.2268907563025	495.71343283582087	614.126334519573	511.0853658536585	233.15318416523235	261.485632183908	39.75613496932515	26.201724137931034	246.6359649122807	152.24827586206897	435.76848874598073	277.68932038834953	62.665151515151514	44.950819672131146	239.43145743145743	71.30624092888243	32.55769230769231	11.570032573289902	264.14027149321265	222.14003944773177	27.135220125786162	39.25314685314685	5.046992481203008	68.71652173913043	54.182156133829	104.10518292682927	47.64632237871675
S211_Ribosomal_S2_168470	100.0	Bacteria	Bacillota_A	Clostridia	Lachnospirales	Lachnospiraceae	Eubacterium_G	Eubacterium_G sp000435815	0.0	0.0	1.8681318681318682	0.0	0.0	0.0	13.214783821478383	21.043541364296082	2.2190812720848054	12.696857670979668	3.7880055788005578	31.555727554179565	0.8614564831261101	1.6764295676429568	1.6996466431095407	0.8423988842398884	6.380692167577413	6.436764705882353	2.303157894736842	2.280467445742905	13.61086637298091	6.024179620034542	3.5592747559274756	0.0	6.145048814504881	4.215334420880914	11.060556464811784	0.0	4.828665568369028	0.0	2.0613668061366806	0.0	0.0	10.768844221105528	9.202231520223153	15.04812834224599	0.0
S211_Ribosomal_S2_40474	98.5	Bacteria	Bacillota	Bacilli	RF39	UBA660	CAG-710	CAG-710 sp000432595	0.0	0.0	0.0	0.0	0.0	0.0	0.0	0.0	0.0	0.0	0.0	0.0	0.5853658536585366	0.8064516129032258	0.0	0.0	0.0	0.0	0.0	0.0	0.0	0.0	0.0	0.0	0.0	3.297592997811816	0.0	0.0	0.0	0.0	0.0	0.0	0.0	0.0	0.0	0.0	0.0
S211_Ribosomal_S2_330787	100.0	Bacteria	Bacillota_A	Clostridia	Lachnospirales	Lachnospiraceae	Mediterraneibacter	Mediterraneibacter sp900752395	0.0	0.0	0.0	8.421245421245422	0.0	55.015151515151516	3.244	0.0	0.0	0.0	0.0	0.0	0.5347985347985348	0.0	3.3076923076923075	0.0	0.0	1.1062271062271063	0.5531135531135531	0.0	0.0	0.0	0.0	0.0	2.3846153846153846	3.111111111111111	1.3617021276595744	0.0	5.013888888888889	0.0	0.0	0.0	0.0	2.6849816849816848	0.0	1.6593406593406594	0.0
S211_Ribosomal_S2_384038	99.2	Bacteria	Actinomycetota	Actinomycetia	Actinomycetales	Actinomycetaceae	Actinomyces	Actinomyces massiliensis	0.0	0.0	0.0	0.0	0.0	5.1158192090395485	0.0	13.373493975903614	0.8531073446327684	0.0	0.0	1.513157894736842	4.461300309597523	8.1045197740113	0.0	1.2796610169491525	0.0	2.5282485875706215	2.5451977401129944	3.4124293785310735	0.0	3.6226993865030677	4.242937853107344	4.692090395480226	4.355140186915888	8.9921875	0.8531073446327684	2.559322033898305	0.0	0.0	0.0	0.0	0.0	4.528248587570621	3.3559322033898304	2.559322033898305	0.0
S211_Ribosomal_S2_306727	100.0	Bacteria	Bacillota_A	Clostridia	Peptostreptococcales	Anaerovoracaceae	Fimisoma	Fimisoma sp017440275	0.0	0.0	0.0	0.0	0.0	0.0	0.0	0.0	0.0	0.0	0.0	0.0	0.0	0.0	0.0	0.0	0.0	0.0	0.0	0.0	0.0	0.0	0.0	0.0	7.440619621342513	3.667192429022082	49.68652037617555	0.0	0.0	0.0	0.0	0.0	0.0	0.0	0.0	0.3208791208791209	0.0
S211_Ribosomal_S2_53809	100.0	Bacteria	Bacteroidota	Bacteroidia	Bacteroidales	Rikenellaceae	Alistipes	Alistipes senegalensis	0.0	0.0	1.5835777126099706	30.080946450809463	47.260445682451255	0.0	0.7981132075471699	0.0	0.6734234234234234	0.0	0.0	0.0	2.7586206896551726	2.4213685474189677	0.0	0.6801801801801802	1.6839622641509433	1.6835585585585586	0.9280868385345997	1.5220125786163523	49.54842342342342	18.072881355932203	21.146730462519937	13.57001647446458	24.921637426900585	14.895121951219512	8.66199649737303	19.477093206951025	2.1268382352941178	2.3523622047244093	3.3536036036036037	1.7916666666666667	0.0	0.4939516129032258	0.6631205673758865	5.484429065743945	1.861271676300578
S211_Ribosomal_S2_27699	96.3	Bacteria	Bacillota	Bacilli	RF39	UBA660	CAG-533	CAG-533 sp905236935	0.0	0.0	0.0	0.0	2.7350157728706623	0.0	0.0	0.0	0.0	0.0	0.0	0.0	12.739682539682539	11.358116480793061	0.0	0.0	0.9695057833859095	0.46621621621621623	0.6765578635014837	0.0	0.21976866456361724	0.0	0.0	0.0	0.0	11.76723163841808	6.2873862158647595	0.0	0.0	0.0	0.0	0.0	0.0	0.060988433228180865	0.1861198738170347	7.031806615776081	0.0
S211_Ribosomal_S2_390712	100.0	Bacteria	Bacillota_A	Clostridia	Oscillospirales	Acutalibacteraceae	Fimenecus	Fimenecus sp000432435	0.0	0.0	0.0	26.338056680161944	20.46234309623431	0.0	0.0	0.0	0.0	0.0	0.0	0.0	2.470666666666667	0.0	7.049034175334324	12.860550458715597	64.45874587458746	36.06858710562414	102.88989441930619	45.904854368932035	14.831697054698457	15.537177541729895	141.9688013136289	98.6415620641562	85.54303599374022	74.75737704918033	118.10393258426966	6.969325153374233	41.739197530864196	32.891666666666666	31.651908396946563	68.88091822094691	19.217675941080195	0.0	0.0	0.0	0.0
S211_Ribosomal_S2_212540	95.9	Bacteria	Bacillota_A	Clostridia	Lachnospirales	Lachnospiraceae	None	None	0.0	0.0	0.7879746835443038	0.0	3.346820809248555	3.8814814814814813	5.947368421052632	0.0	0.0	0.0	0.0	0.0	15.160401002506266	3.5871559633027523	8.917771883289126	14.37593984962406	13.814126394052044	11.95373665480427	5.169491525423729	14.078358208955224	1.4767801857585139	5.367588932806324	2.023076923076923	1.3472584856396868	4.493734335839599	2.164804469273743	10.6125	0.0	3.6867167919799497	6.225454545454546	5.470238095238095	1.5386740331491713	0.0	4.491124260355029	3.401114206128134	4.508196721311475	0.0
S211_Ribosomal_S2_299072	100.0	Bacteria	Verrucomicrobiota	Verrucomicrobiae	Verrucomicrobiales	Akkermansiaceae	Akkermansia	Akkermansia muciniphila_B	0.0	0.0	0.0	0.0	0.0	0.0	0.0	0.0	0.0	0.0	0.0	61.31063122923588	0.0	0.0	0.0	0.0	0.0	0.0	0.0	0.0	0.0	0.0	0.0	0.0	51.252252252252255	42.712898751733704	39.3385269121813	26.411840411840412	0.4157014157014157	0.0	0.0	0.0	0.0	0.0	0.0	0.0	0.0
S211_Ribosomal_S2_87617	98.3	Bacteria	Bacillota_A	Clostridia	Oscillospirales	Acutalibacteraceae	CAG-217	CAG-217 sp000436335	0.0	0.0	0.0	2.0444444444444443	3.1266666666666665	0.0	0.0	0.0	0.0	0.0	0.0	0.0	114.05134474327629	107.32193732193733	16.60054347826087	17.24925816023739	4.304075235109718	0.33555555555555555	15.5785536159601	24.107981220657276	117.04320987654322	61.050251256281406	49.546875	39.64	3.1222222222222222	10.546296296296296	0.40444444444444444	115.25446428571429	11.017326732673267	32.67684478371501	0.0	0.0	0.0	0.0	0.0	18.7279792746114	5.354005167958657
S211_Ribosomal_S2_327755	100.0	Bacteria	Bacillota_A	Clostridia	Oscillospirales	Oscillospiraceae	Evtepia	None	0.0	0.0	5.395904436860068	17.651031894934334	15.51123595505618	0.0	0.0	0.8777969018932874	19.201219512195124	22.94538606403013	9.907153729071537	26.812877263581488	39.766917293233085	29.10828025477707	22.368258859784284	32.270992366412216	20.237051792828684	5.293913043478261	44.93027210884354	15.887708649468893	26.076547231270357	15.464023494860498	25.267482517482517	15.018761726078798	36.25141242937853	9.385474860335195	35.92671009771987	21.831223628691983	12.08	15.362857142857143	29.27373417721519	30.335548172757473	14.80248833592535	54.73126142595978	52.99372056514914	27.823886639676115	4.480676328502415
S211_Ribosomal_S2_281168	100.0	Bacteria	Bacillota_A	Clostridia	Peptostreptococcales	Anaerovoracaceae	Lentihominibacter	Lentihominibacter faecis	0.0	0.0	0.37757437070938216	2.39917695473251	0.0	0.0	3.7131782945736433	0.0	0.0	0.0	0.0	0.0	10.775342465753425	13.366471734892787	2.0321027287319424	3.91268758526603	1.2810880829015545	0.0	18.446616541353382	7.088888888888889	9.818045112781954	6.959481361426256	22.434604904632153	14.82573726541555	5.121546961325967	3.3855855855855856	7.673434856175973	4.386304909560724	1.5607235142118863	4.2542857142857144	9.474598930481283	9.463824289405684	3.36318407960199	5.508982035928144	6.405684754521964	2.040971168437026	0.0
S211_Ribosomal_S2_136784	100.0	Bacteria	Bacillota_A	Clostridia	Oscillospirales	Ruminococcaceae	Ruminiclostridium_E	None	0.0	0.0	0.3902439024390244	0.0	0.0	0.0	17.061340941512125	0.0	0.0	0.0	0.0	0.0	0.0	2.107046070460705	0.0	0.0	0.0	0.0	0.0	0.0	0.0	0.0	0.0	0.0	7.068027210884353	39.80748663101604	29.995290423861853	16.25609756097561	0.0	0.0	0.0	2.6672760511883	0.0	26.60205831903945	10.881523272214386	63.86714285714286	11.540625
S211_Ribosomal_S2_81490	99.4	Bacteria	Bacillota_A	Clostridia	Oscillospirales	Ruminococcaceae	Faecalibacterium	None	0.0	0.0	196.52417302798983	160.364161849711	450.0025	116.56796116504854	58.61224489795919	418.12018140589566	297.06485355648533	305.23736263736265	140.8342105263158	358.84326710816777	385.76	422.1608040201005	281.7682119205298	335.1216216216216	168.63919413919413	88.18181818181819	418.8456057007126	322.0799031476998	487.76847290640393	336.68266666666665	267.0731707317073	233.72428884026257	271.74300254452925	84.43722943722943	194.21039603960395	127.82528735632184	279.65664160401	346.9577114427861	274.28761061946904	88.87257019438445	91.16937354988399	218.8599033816425	236.28336755646816	162.6848072562358	108.5114503816794
S211_Ribosomal_S2_315476	98.9	Bacteria	Bacteroidota	Bacteroidia	Bacteroidales	Barnesiellaceae	Barnesiella	Barnesiella intestinihominis	0.0	0.0	0.0	6.613782051282051	3.5183374083129584	0.0	0.0	0.0	0.0	0.0	0.0	0.0	0.0	0.0	0.0	0.0	0.0	0.0	0.0	0.0	67.30732484076434	30.641065830721004	0.0	1.3398876404494382	34.64404609475032	28.66718506998445	48.56773399014779	5.866231647634584	0.0	9.790598290598291	1.6952380952380952	0.0	0.0	8.836206896551724	3.685069008782936	26.83306055646481	2.542091836734694
S211_Ribosomal_S2_138335	100.0	Bacteria	Actinomycetota	Actinomycetia	Actinomycetales	Bifidobacteriaceae	Bifidobacterium	Bifidobacterium bifidum	0.0	0.0	0.0	65.24792013311148	252.7817896389325	244.16695957820738	0.0	0.0	0.0	0.0	0.0	0.0	0.0	0.0	0.0	0.0	0.0	0.0	0.0	0.0	0.0	0.0	0.0	0.0	0.0	363.30791788856305	192.85163204747775	0.0	0.0	259.45028409090907	0.0	0.0	0.0	0.0	0.0	0.0	0.0
S211_Ribosomal_S2_132705	100.0	Bacteria	Bacillota_A	Clostridia	Oscillospirales	Ruminococcaceae	Faecalibacterium	Faecalibacterium sp900551435	0.0	0.0	0.0	54.411764705882355	13.814814814814815	0.0	149.5483870967742	9.505376344086022	54.83870967741935	76.64285714285714	9.53225806451613	9.450704225352112	16.290697674418606	8.36923076923077	30.698924731182796	17.698924731182796	33.655913978494624	8.732394366197184	19.986842105263158	6.209677419354839	26.523809523809526	10.161290322580646	7.666666666666667	2.827956989247312	7.10126582278481	0.0	28.043010752688172	20.440860215053764	7.688172043010753	38.795698924731184	46.47692307692308	8.371794871794872	2.7142857142857144	0.0	0.0	0.0	6.193548387096774
S211_Ribosomal_S2_121962	100.0	Bacteria	Actinomycetota	Actinomycetia	Actinomycetales	Bifidobacteriaceae	Bifidobacterium	Bifidobacterium kashiwanohense_A	0.0	0.0	0.0	73.93979933110369	25.061068702290076	161.9398148148148	150.0168453292496	2.688212927756654	36.939907550077045	15.911258278145695	6.977229601518027	13.447401774397973	25.048162230671736	29.082831325301203	24.139303482587064	16.59893048128342	0.0	0.0	0.0	0.0	0.0	0.0	1.236842105263158	1.5223577235772359	49.117834394904456	611.225	7.102678571428571	54.98216939078752	330.5515695067265	548.873121869783	14.676985195154778	36.36630602782071	0.0	0.8549222797927462	1.8776371308016877	2.463157894736842	3.521079258010118
S211_Ribosomal_S2_457326	100.0	Bacteria	Bacillota_A	Clostridia	Oscillospirales	Ruminococcaceae	Gemmiger	None	0.0	0.0	13.06989247311828	0.0	0.0	201.06469002695417	0.0	0.0	0.0	0.0	0.0	0.0	40.763392857142854	39.93640350877193	38.15210355987055	34.28433734939759	39.03092783505155	15.741847826086957	41.12806539509537	31.437346437346438	51.76986301369863	31.46808510638298	38.136222910216716	31.14565826330532	50.74202127659574	3.2390350877192984	7.151315789473684	14.194130925507901	9.839366515837105	6.3730407523510975	11.980263157894736	4.669662921348315	5.109649122807017	17.378318584070797	32.64819944598338	40.61173184357542	12.821608040201005
S211_Ribosomal_S2_226929	98.8	Bacteria	Bacillota_A	Clostridia	Oscillospirales	Oscillospiraceae	Faecousia	None	0.0	0.0	4.8068739770867435	3.769230769230769	6.493877551020408	0.0	0.0	0.0	0.0	0.0	0.0	0.0	27.308843537414965	20.02087286527514	7.856946354883081	8.92284417549168	0.8016949152542373	1.9090909090909092	0.7803571428571429	3.878581173260573	25.214965986394557	23.38167938931298	25.995433789954337	14.596986817325801	0.7620689655172413	27.361573373676247	22.605217391304347	0.4761092150170648	4.954976303317536	10.112204724409448	38.23673469387755	13.610586011342155	9.747800586510264	6.125663716814159	5.3847487001733105	15.917006802721088	5.820819112627986
S211_Ribosomal_S2_232052	100.0	Bacteria	Bacteroidota	Bacteroidia	Bacteroidales	Bacteroidaceae	Prevotella	Prevotella sp017623655	0.0	0.0	0.0	0.0	0.0	0.0	0.0	0.0	0.0	0.0	0.0	0.0	0.0	0.0	0.0	0.0	0.0	0.0	0.0	0.0	0.0	0.0	0.0	0.0	0.0	0.0	1.6750902527075813	0.0	0.0	0.0	0.0	0.0	0.0	0.0	0.0	0.0	0.0
S211_Ribosomal_S2_41589	100.0	Bacteria	Bacteroidota	Bacteroidia	Bacteroidales	Bacteroidaceae	Prevotella	None	0.0	0.0	27.497340425531913	0.0	0.0	0.0	0.0	0.0	0.0	0.0	0.0	0.0	33.138041733547354	29.382506527415142	15.10138888888889	44.660633484162894	48.64945226917058	30.802731411229136	6.554959785522788	4.683464566929134	2.48921832884097	0.0	15.562225475841874	31.05430711610487	0.0	1.6988188976377954	12.224011713030746	0.0	0.0	0.0	9.596625766871165	0.39285714285714285	0.0	0.0	0.0	0.0	0.0
S211_Ribosomal_S2_202875	100.0	Bacteria	Actinomycetota	Coriobacteriia	Coriobacteriales	Eggerthellaceae	Adlercreutzia	None	0.0	0.0	0.0	2.8051948051948052	0.0	1.2229299363057324	0.0	17.38938053097345	16.464646464646464	18.903553299492387	3.011070110701107	6.695488721804511	0.0	0.0	0.16	0.0	0.0	0.0	0.0	5.695652173913044	6.340579710144928	4.118181818181818	6.177536231884058	3.704	20.741176470588236	9.108695652173912	17.60909090909091	12.97463768115942	2.6956521739130435	1.5227272727272727	5.975	2.2851239669421486	2.7705627705627704	15.51086956521739	14.121212121212121	13.36774193548387	8.572463768115941
S211_Ribosomal_S2_396925	100.0	Bacteria	Bacillota	Bacilli	RF39	UBA660	CAG-302	None	0.0	0.0	0.0	0.0	0.0	0.0	0.0	0.0	0.0	0.0	0.0	0.0	5.501404494382022	4.3250883392226145	0.0	0.0	0.0	0.0	0.0	0.7475592747559274	0.0	0.0	0.0	0.0	1.0180722891566265	9.317773788150808	27.156779661016948	0.0	9.309278350515465	0.0	0.4881450488145049	1.5036231884057971	1.0474198047419805	1.969325153374233	0.6052998605299861	0.0	0.0
S211_Ribosomal_S2_36996	100.0	Bacteria	Bacillota_A	Clostridia	Lachnospirales	Lachnospiraceae	Hominisplanchenecus	None	0.0	0.0	13.27910447761194	0.0	0.5426356589147286	0.14030612244897958	102.98459167950693	197.97153024911032	57.55862068965517	171.71024734982333	72.71292517006803	191.70392156862746	40.76966292134831	20.832432432432434	22.242225859247135	24.90664272890485	4.73542600896861	4.01877133105802	26.44809688581315	5.836466165413534	23.066165413533835	19.557262569832403	2.0271493212669682	1.8277310924369747	39.21621621621622	0.0	3.7617728531855956	27.844604316546764	76.44345238095238	22.924760601915185	2.310405643738977	3.312925170068027	3.780663780663781	19.05996758508914	10.48705501618123	9.805755395683454	5.085714285714285
S211_Ribosomal_S2_124557	100.0	Bacteria	Bacillota_A	Clostridia	Oscillospirales	Ruminococcaceae	Ruminococcus_C	Ruminococcus_C callidus	0.0	0.0	0.0	12.090625	4.626617375231054	0.0	0.0	0.0	0.0	0.0	0.0	0.0	3.2027833001988073	11.021707670043416	2.3930885529157666	13.415531335149863	5.574175824175824	1.9171511627906976	0.0	0.0	0.0	0.0	0.0	0.0	8.455128205128204	57.48303715670436	27.036912751677853	0.0	0.0	0.0	58.447587354409315	12.565862708719852	27.986899563318776	1.426450742240216	0.6996124031007752	11.278955954323001	5.313131313131313
S211_Ribosomal_S2_422550	100.0	Bacteria	Bacillota_A	Clostridia	Oscillospirales	Ruminococcaceae	Faecalibacterium	None	0.0	0.0	132.37790697674419	211.86666666666667	113.09015025041737	3.806772908366534	272.67172675521823	753.5592705167173	607.496632996633	597.6333333333333	139.67218543046357	370.24273255813955	517.5437881873727	515.9203187250996	173.09052631578948	247.39511201629327	203.54166666666666	94.88095238095238	441.0	299.3589211618257	465.7883064516129	286.5	272.486388384755	238.43794326241135	487.7396694214876	112.68846153846154	408.64954128440365	176.4607843137255	177.79136690647482	312.9178082191781	254.8081570996979	132.53392857142856	50.697722567287784	144.9685534591195	107.51777777777778	105.41598360655738	69.52229299363057
S211_Ribosomal_S2_280215	100.0	Bacteria	Desulfobacterota	Desulfovibrionia	Desulfovibrionales	Desulfovibrionaceae	Desulfovibrio	None	0.0	0.0	0.8070866141732284	0.0	0.0	0.0	0.0	0.0	0.0	0.0	0.0	0.0	34.484502446982056	27.26991150442478	1.599737532808399	5.774193548387097	0.0	0.7688266199649737	1.6726677577741407	0.5646481178396072	8.60070671378092	1.4953789279112755	1.1036106750392465	1.856955380577428	10.488950276243093	3.2144112478031635	17.20820668693009	1.8344370860927153	1.3871391076115485	0.0	41.199475065616795	2.484251968503937	6.658743633276741	0.0	0.0	2.37007874015748	0.0
S211_Ribosomal_S2_131740	99.6	Bacteria	Bacillota_A	Clostridia	Oscillospirales	Ruminococcaceae	Angelakisella	Angelakisella sp900547385	0.0	0.0	2.8260135135135136	0.0	0.0	0.0	0.0	0.0	0.0	0.0	0.0	0.0	1.3333333333333333	0.8894308943089431	1.0881934566145093	0.0	9.670748299319728	2.7646076794657763	0.0	1.0346456692913386	0.0	0.0	0.0	0.0	5.645161290322581	4.565846599131693	49.091937765205095	2.0144665461121156	0.0	0.0	42.27884615384615	0.0	0.0	2.712925170068027	4.644414168937329	7.624813153961136	4.527086383601757
S211_Ribosomal_S2_207004	100.0	Bacteria	Bacillota_A	Clostridia	Lachnospirales	Lachnospiraceae	Eisenbergiella	Eisenbergiella sp900066775	0.0	0.0	3.8215223097112863	4.12280701754386	5.587071240105541	0.0	20.336043360433603	1.4291338582677164	4.063218390804598	0.9205202312138728	0.0	0.6761363636363636	58.00294550810015	50.86717267552182	3.8781793842034804	2.047244094488189	11.920180722891565	3.547244094488189	31.52463768115942	19.858712715855575	9.718553459119496	5.891891891891892	11.619909502262443	5.044025157232705	25.767304860088366	3.0236220472440944	7.821958456973293	6.505249343832021	5.319256756756757	2.1806797853309483	34.25797503467406	60.75300171526587	1.34860883797054	147.75987361769353	121.9491298527443	119.19724137931034	54.86531365313653
S211_Ribosomal_S2_166558	98.3	Bacteria	Bacillota_A	Clostridia	Oscillospirales	Ruminococcaceae	Gemmiger	Gemmiger sp900554145	0.0	0.0	34.70727848101266	47.61496350364963	61.77339901477833	87.46181818181819	2.0867768595041323	63.721259842519686	36.515837104072396	32.54545454545455	43.483969465648855	22.564766839378237	47.91160220994475	43.92424242424242	3.596806387225549	13.62828947368421	34.53138075313807	19.28937007874016	70.0290964777948	48.845029239766085	199.6755218216319	138.38842975206612	61.781847133757964	38.05440900562852	25.00733137829912	58.33622183708839	13.15850144092219	4.285974499089253	16.045454545454547	21.093312597200622	88.67286821705426	66.26253687315634	50.694940476190474	54.28177966101695	61.38647342995169	56.78804347826087	46.84385382059801
S211_Ribosomal_S2_267935	100.0	Bacteria	Bacillota_A	Clostridia	Christensenellales	CAG-138	SFEL01	SFEL01 sp004557245	0.0	0.0	0.0	0.0	0.0	0.0	0.0	0.0	0.0	0.0	0.0	0.0	1.7003891050583657	3.4172185430463577	0.0	1.296137339055794	0.0	0.0	0.0	0.0	0.0	0.0	0.0	0.0	5.912186379928316	1.3676680972818311	0.9484978540772532	0.0	0.0	0.0	20.137870855148343	2.250965250965251	0.0	3.7504520795660037	6.696369636963697	3.939236111111111	0.0
S211_Ribosomal_S2_299169	99.7	Bacteria	Bacteroidota	Bacteroidia	Bacteroidales	Rikenellaceae	Alistipes_A	Alistipes_A indistinctus	0.0	0.0	0.0	10.01710730948678	10.67551622418879	0.0	0.0	0.0	0.0	0.0	0.0	0.0	0.0	0.0	0.0	0.0	0.0	0.0	0.0	0.0	0.0	0.0	0.0	0.0	9.4190093708166	31.49056603773585	32.23039215686274	4.666666666666667	4.1	0.0	0.0	0.0	0.0	2.542590431738623	0.0	2.4114942528735632	0.0
S211_Ribosomal_S2_166050	100.0	Bacteria	Bacillota_A	Clostridia	None	None	None	None	0.0	0.0	2.1354166666666665	0.0	3.4895833333333335	0.0	0.0	0.0	0.0	0.08333333333333333	0.9375	8.052083333333334	3.4895833333333335	2.71875	0.0	0.0	8.25	0.8541666666666666	3.0	0.3020833333333333	7.892307692307693	0.44642857142857145	0.0	2.3645833333333335	1.3541666666666667	2.0	5.0638297872340425	0.0	6.5625	0.5208333333333334	0.0	0.0	0.0	0.0	0.0	1.4583333333333333	0.0
S211_Ribosomal_S2_5285	96.6	Bacteria	Bacillota_A	Clostridia	Christensenellales	CAG-74	Pullichristensenella	Pullichristensenella avicola	0.0	0.0	3.668903803131991	0.0	0.0	0.0	6.947521865889213	0.0	0.0	0.0	0.0	0.0	13.904761904761905	16.606606606606608	7.430446194225722	6.939890710382514	2.860182370820669	2.0648769574944073	9.438478747203579	1.9215116279069768	12.49766355140187	2.508417508417508	3.044943820224719	11.149882903981265	0.0	2.865771812080537	3.491279069767442	2.2100313479623823	0.727069351230425	8.957928802588997	12.063897763578275	15.80108991825613	3.6017441860465116	18.013953488372092	5.718100890207715	8.830097087378642	8.728531855955678
S211_Ribosomal_S2_288425	100.0	Bacteria	Bacillota_A	Clostridia	Lachnospirales	Lachnospiraceae	Blautia_A	Blautia_A sp900066145	0.0	0.0	4.168421052631579	0.8341013824884793	0.0	110.27450980392157	78.5108153078203	51.25	32.292682926829265	37.77867746288799	63.90992647058823	59.88851913477537	43.778675282714055	41.079239302694134	23.812623274161737	44.363503649635035	20.314366998577526	4.897703549060543	39.308411214953274	24.071161048689138	42.45981308411215	25.21963394342762	36.809806835066865	40.41358024691358	48.68037974683544	23.224489795918366	28.269026548672567	3.148529411764706	15.358649789029537	16.009419152276294	17.77737881508079	12.47936507936508	5.963289280469898	44.442465753424656	52.58712715855573	27.522304832713754	2.661290322580645
S211_Ribosomal_S2_5804	100.0	Bacteria	Bacillota_A	Clostridia	Lachnospirales	Lachnospiraceae	Agathobacter	None	0.0	0.0	0.0	0.0	0.0	0.0	259.632538569425	92.13854595336076	165.0527950310559	48.225589225589225	37.907514450867055	262.8511904761905	124.40688575899844	136.86410635155096	126.23391812865498	152.50555555555556	49.361370716510905	17.79111842105263	162.75083056478405	106.04787234042553	10.403682719546742	6.56581532416503	203.5989010989011	173.17009602194787	16.911347517730498	202.3562610229277	102.92295081967212	6.997995991983968	6.622820919175911	195.49019607843138	24.984848484848484	64.63786008230453	56.73593073593074	17.66616766467066	14.280265339966833	58.09136212624585	19.019685039370078
S211_Ribosomal_S2_95925	100.0	Bacteria	Bacillota_A	Clostridia	Oscillospirales	Acutalibacteraceae	Ruminococcus_E	Ruminococcus_E bromii_B	0.0	0.0	0.0	24.245398773006134	68.433506044905	0.0	258.29322268326416	0.0	0.0	0.0	12.647163120567376	0.0	103.75546719681908	104.84628099173554	55.2524682651622	117.01346153846154	17.161473087818695	3.1168	16.73121387283237	11.55735056542811	67.41615853658537	29.352697095435683	0.0	0.0	218.0806223479491	637.1282442748092	413.5911330049261	20.501742160278745	0.0	18.360995850622405	11.742222222222223	0.0	0.0	1135.7798742138364	911.6017699115044	498.8136142625608	114.62020905923345
S211_Ribosomal_S2_22199	100.0	Bacteria	Bacillota_A	Clostridia	None	None	None	None	0.0	0.0	1.462962962962963	1.25	0.0	71.25510204081633	59.19387755102041	42.03061224489796	16.57894736842105	4.666666666666667	30.53271028037383	29.6734693877551	26.288888888888888	8.95	11.492537313432836	10.481481481481481	7.2125	4.413461538461538	8.470588235294118	14.551020408163266	38.082352941176474	12.415384615384616	35.97959183673469	22.783333333333335	25.044444444444444	18.642857142857142	14.29126213592233	2.6853932584269664	6.106060606060606	13.222222222222221	6.0092592592592595	4.444444444444445	1.9074074074074074	30.850574712643677	24.28	20.64814814814815	4.851851851851852
S211_Ribosomal_S2_155836	100.0	Bacteria	Bacillota_A	Clostridia	Oscillospirales	Ruminococcaceae	Gemmiger	None	0.0	0.0	10.185950413223141	0.0	0.0	165.69620253164558	0.0	0.0	0.0	0.0	0.0	0.0	42.18115942028985	27.693181818181817	45.7907949790795	38.23863636363637	39.2620320855615	14.598326359832637	49.425	45.30859375	28.233333333333334	25.68859649122807	34.951219512195124	19.786324786324787	27.802867383512545	10.18007662835249	13.762114537444933	13.108108108108109	3.7204301075268815	11.621818181818181	10.198198198198199	3.218884120171674	8.82078853046595	25.9375	29.446351931330472	21.985347985347985	14.539170506912443
S211_Ribosomal_S2_457918	97.2	Bacteria	Bacillota_A	Clostridia	Oscillospirales	Oscillospiraceae	Faecousia	Faecousia sp003525905	0.0	0.0	0.0	0.8547945205479452	0.0	0.0	3.9397260273972603	0.0	1.0342465753424657	1.7191780821917808	0.0	0.0	0.0	1.4053030303030303	0.5105633802816901	0.7657342657342657	2.8784119106699753	0.0	2.4809384164222874	3.4474885844748857	9.299086757990867	0.3413793103448276	9.836538461538462	12.564935064935066	0.0	0.0	22.442006269592476	3.9614147909967845	2.191549295774648	1.2555555555555555	45.03196347031963	17.03553299492386	7.039800995024875	9.72987012987013	5.420091324200913	5.511415525114155	1.9695945945945945
S211_Ribosomal_S2_67263	100.0	Bacteria	Bacillota_A	Clostridia	Oscillospirales	Ruminococcaceae	Negativibacillus	Negativibacillus massiliensis	0.0	0.0	0.0	0.0	0.0	0.0	0.0	0.0	0.0	0.0	0.0	0.0	0.0	0.0	0.0	0.0	0.0	0.0	0.0	0.0	0.0	0.0	0.0	0.0	3.3341346153846154	0.8835904628330996	8.287519747235388	0.0	0.0	0.0	0.0	0.0	0.0	0.0	0.0	0.0	0.0
S211_Ribosomal_S2_434880	94.3	Bacteria	Bacillota_A	Clostridia	Oscillospirales	Oscillospiraceae	CALXCQ01	CALXCQ01 sp944386835	0.0	0.0	0.0	0.0	0.0	0.0	0.0	0.0	0.0	0.0	0.0	0.0	2.0383141762452106	0.3333333333333333	0.0	0.0	3.206896551724138	0.0	2.7547892720306515	0.5363984674329502	0.0	0.02681992337164751	0.9233716475095786	0.0	1.950191570881226	0.0	539.8161764705883	8.682758620689656	0.0	3.5870445344129553	9.782222222222222	5.111111111111111	1.9923371647509578	0.0	0.0	2.942528735632184	1.6704980842911878
S211_Ribosomal_S2_156866	100.0	Bacteria	Actinomycetota	Actinomycetia	Actinomycetales	Bifidobacteriaceae	Bifidobacterium	Bifidobacterium catenulatum	0.0	0.0	0.0	12.025798525798526	2.338582677165354	627.52125	14.9472	247.3287153652393	26.797554347826086	66.97564102564102	0.7624242424242424	158.98494983277592	3.2133838383838382	3.0037105751391464	1.9450704225352113	2.2477064220183487	30.915773353751913	18.11823899371069	1.9456066945606694	2.9515151515151516	0.0	0.0	0.9593023255813954	0.9131614654002713	4.006060606060606	463.51915455746365	96.91081081081082	4.267878787878788	2.2542735042735043	2.2057245080500896	0.8375757575757575	0.8412121212121212	0.0	0.7757575757575758	0.0	0.0	0.4690909090909091
S211_Ribosomal_S2_163524	100.0	Bacteria	Bacillota_A	Clostridia	Oscillospirales	Butyricicoccaceae	Agathobaculum	Agathobaculum butyriciproducens	0.0	0.0	84.17142857142858	23.19283746556474	8.689320388349515	0.0	81.58550185873607	90.18573797678275	50.413953488372094	23.722532588454378	51.393468118195955	62.18032786885246	29.73421926910299	25.59623430962343	2.6942148760330578	1.9577205882352942	23.98981324278438	7.093558282208589	27.527977044476327	18.58307210031348	41.01381692573403	29.528864059590315	58.37091988130564	46.104874446085674	12.488151658767773	11.59479015918958	23.146252285191956	56.09615384615385	51.59298780487805	62.77164179104478	35.22457627118644	33.27230769230769	40.43648208469055	30.524193548387096	28.393419170243206	9.489291598023064	10.393767705382436
S211_Ribosomal_S2_158917	96.1	Bacteria	Bacillota_A	Clostridia	Oscillospirales	Oscillospiraceae	ER4	ER4 sp000765235	0.0	0.0	12.655172413793103	84.34615384615384	29.311666666666667	0.0	3.6483050847457625	2.7582089552238807	77.14948453608247	76.88309352517986	2.225108225108225	48.49180327868852	17.691419141914192	26.12087912087912	3.40398293029872	9.565289256198348	17.927966101694917	6.4523809523809526	18.687394957983194	12.390196078431373	56.4365671641791	46.49912739965096	55.63883847549909	34.62410071942446	100.30931458699473	17.566188197767143	88.15337423312883	100.48283261802575	9.91459074733096	23.685714285714287	174.76501766784452	30.153954802259886	28.779053084648492	88.17957746478874	82.35548172757476	84.13274336283186	32.07729468599034
S211_Ribosomal_S2_211655	100.0	Bacteria	Bacillota_A	Clostridia	Christensenellales	CAG-74	Egerieenecus	Egerieenecus sp900553315	0.0	0.0	0.0	0.0	0.0	0.0	0.0	0.0	0.0	0.0	0.0	0.0	7.378378378378378	2.3272251308900525	2.0634920634920637	6.413005272407733	4.75152749490835	0.33398821218074654	3.9135338345864663	4.7975460122699385	4.690021231422505	2.626398210290828	1.724907063197026	3.8658777120315584	3.0201680672268907	8.85474006116208	9.65576923076923	0.0	0.0	0.0	9.516877637130802	9.507621951219512	2.672566371681416	4.267822736030829	2.461100569259962	5.974926253687316	1.4525939177101967
S211_Ribosomal_S2_30921	100.0	Bacteria	Bacillota_A	Clostridia	Lachnospirales	Lachnospiraceae	Oliverpabstia	Oliverpabstia sp000432335	0.0	0.0	13.815384615384616	6.455696202531645	8.722222222222221	88.45263157894736	45.41525423728814	66.64734299516908	17.79904306220096	54.21134020618557	17.603864734299517	106.42441860465117	152.84057971014494	129.28877005347593	107.7	80.44776119402985	28.08016877637131	10.488636363636363	151.47093023255815	67.66129032258064	52.257383966244724	45.91139240506329	75.09803921568627	49.371980676328505	5.063291139240507	11.314917127071823	23.349514563106798	8.601731601731602	73.21153846153847	25.85377358490566	6.209302325581396	23.416309012875537	1.8059071729957805	79.22905027932961	62.97549019607843	26.60759493670886	11.17989417989418
S211_Ribosomal_S2_202958	100.0	Bacteria	Bacillota_C	Negativicutes	Veillonellales	Dialisteraceae	Dialister	Dialister invisus	0.0	0.0	0.0	0.0	0.0	63.833574529667146	295.6254355400697	38.603896103896105	24.42135642135642	14.699551569506726	13.237017310252996	115.24473257698541	0.0	0.0	0.0	0.0	0.0	0.0	0.0	0.0	0.0	0.0	0.0	0.0	214.9747899159664	361.1567944250871	498.9855072463768	0.0	6.9378306878306875	9.84920634920635	0.0	0.0	0.0	0.0	0.0	0.0	0.0
S211_Ribosomal_S2_361167	98.3	Bacteria	Bacillota_C	Negativicutes	Selenomonadales	Selenomonadaceae	Megamonas	Megamonas funiformis	0.0	0.0	1.1428571428571428	0.0	0.0	0.0	0.0	0.0	0.0	0.0	0.0	0.0	0.0	0.0	0.0	0.0	4.984375	4.614583333333333	0.0	0.0	2.9342105263157894	5.169014084507042	0.0	3.109375	0.0	0.10101010101010101	7.213541666666667	0.0	0.0	0.0	1.6458333333333333	3.0260416666666665	3.299363057324841	0.0	0.0	1.7012987012987013	2.1875
S211_Ribosomal_S2_249553	100.0	Bacteria	Bacillota_A	Clostridia	Lachnospirales	Lachnospiraceae	Dorea	Dorea formicigenerans	0.0	0.0	1.6933962264150944	7.139344262295082	6.519392917369308	0.0	5.7478991596638656	226.57068062827224	31.310747663551403	42.22845691382766	39.78651685393258	103.9557894736842	68.07977736549165	50.26398601398601	133.26838966202783	98.05466970387243	29.79861111111111	11.242424242424242	72.3047619047619	41.59519408502773	36.92307692307692	10.6625	41.76086956521739	51.41439688715953	14.420731707317072	16.794444444444444	21.070643642072213	6.605363984674329	28.340073529411764	31.49921996879875	8.354297693920335	9.652647975077882	4.064272211720227	23.717348927875243	31.968627450980392	13.923676012461058	2.5811623246492985
S211_Ribosomal_S2_44761	98.5	Bacteria	Bacillota_A	Clostridia	Lachnospirales	Lachnospiraceae	Clostridium_Q	Clostridium_Q fessum	0.0	0.0	12.407692307692308	4.478672985781991	8.987804878048781	10.695020746887966	0.4699140401146132	11.853515625	13.856382978723405	15.556537102473499	2.868878357030016	14.121681415929203	3.8219461697722568	2.3209302325581396	49.57699443413729	49.840823970037455	11.517857142857142	7.322091062394604	14.002092050209205	4.233807266982622	4.064770932069511	0.7591743119266054	7.157635467980295	4.1551155115511555	2.6818181818181817	1.3294117647058823	24.970017636684304	7.4931237721021615	8.458426966292135	44.066518847006655	14.352459016393443	15.662576687116564	9.35195530726257	2.3854660347551344	2.1264367816091956	3.2954186413902056	5.910041841004184
S211_Ribosomal_S2_422113	98.9	Bacteria	Bacteroidota	Bacteroidia	Bacteroidales	Bacteroidaceae	Bacteroides	Bacteroides eggerthii	0.0	0.0	0.0	43.92823712948518	18.842748091603053	1.5677603423680457	139.17705382436262	36.987972508591064	178.01351351351352	88.19003931847969	24.676190476190477	85.48681055155875	24.874545454545455	14.381428571428572	0.9371657754010695	9.791666666666666	33.673202614379086	9.065625	1.5800492610837438	0.5416666666666666	41.22372372372372	31.38064516129032	25.968905472636816	21.367156208277702	26.222410865874362	5.652229299363057	37.026666666666664	9.07741935483871	3.6645326504481432	9.234828496042216	10.142194744976816	6.804909560723514	2.164874551971326	17.344585091420534	10.847887323943661	14.726726726726726	3.8136054421768706
S211_Ribosomal_S2_140519	99.1	Bacteria	Bacillota_A	Clostridia	Lachnospirales	Lachnospiraceae	KLE1615	None	0.0	0.0	16.210290827740494	0.0	0.0	0.0	41.029082774049215	73.90273556231003	24.369127516778523	36.18568232662192	21.21476510067114	118.74226804123711	23.389880952380953	14.579418344519016	26.75438596491228	2.877742946708464	2.5492957746478875	8.371702637889689	2.73046875	0.0	31.751677852348994	9.924932975871315	43.34426229508197	21.1974358974359	19.207357859531772	0.0	2.7667638483965016	0.8603896103896104	13.134228187919463	17.802588996763753	18.834451901565995	10.655480984340045	0.941834451901566	0.0	0.0	0.0	0.0
S211_Ribosomal_S2_280822	100.0	Bacteria	Bacillota_A	Clostridia	Oscillospirales	Oscillospiraceae	Vescimonas	Vescimonas sp900545585	0.0	0.0	0.0	8.37084398976982	10.47340425531915	0.0	0.0	0.0	0.0	0.0	0.0	0.0	2.7039106145251397	8.90249433106576	3.668711656441718	1.310657596371882	9.52112676056338	5.505668934240362	4.951724137931034	8.132564841498558	1.1	3.1951219512195124	43.726027397260275	35.95354523227384	15.365	2.623582766439909	14.924870466321243	9.71393643031785	1.3696145124716552	0.47845804988662133	151.19230769230768	15.370689655172415	30.292161520190025	20.617977528089888	23.743405275779377	8.256756756756756	2.764172335600907
S211_Ribosomal_S2_397051	96.6	Bacteria	Bacillota_A	Clostridia	Oscillospirales	Oscillospiraceae	Dysosmobacter	None	0.0	0.0	1.2339285714285715	27.92823712948518	13.986225895316805	0.0	1.1623762376237623	0.7194244604316546	4.409345794392523	3.75	0.0	1.8432989690721648	4.099173553719008	2.608272506082725	1.3443526170798898	1.4893617021276595	11.09433962264151	3.8089500860585197	1.1962616822429906	0.6566037735849056	5.691449814126394	9.442687747035572	5.314779270633397	6.435100548446069	45.42533081285444	6.9229024943310655	81.19972451790633	20.660642570281123	0.0	7.565868263473054	90.87630662020906	16.546409807355516	18.941860465116278	14.900763358778626	13.703636363636363	17.55212355212355	15.177040110650069
S211_Ribosomal_S2_297724	100.0	Bacteria	Bacillota_A	Clostridia	Lachnospirales	Lachnospiraceae	Anaerostipes	None	0.0	0.0	16.77731673582296	19.82210708117444	1.4697754749568221	370.51103565365025	69.78551532033426	96.11894882434302	24.244615384615386	108.28929068150208	10.874432677760968	222.96374622356495	99.91705069124424	94.36850393700787	17.658783783783782	26.977663230240548	32.79449838187702	4.4236706689536875	23.886986301369863	26.838111298482293	39.247344461305005	15.952238805970149	52.963025210084034	46.62049062049062	26.632653061224488	103.66885245901639	109.49308755760369	6.15076071922545	110.21283255086072	204.4062992125984	15.123249299719888	20.057199211045365	5.942275042444821	55.70385395537525	47.46233382570163	70.54103343465046	7.848275862068966
S211_Ribosomal_S2_285962	100.0	Bacteria	Bacillota_A	Clostridia	Oscillospirales	Ruminococcaceae	CAG-115	CAG-115 sp003531585	0.0	0.0	6.834215167548501	0.0	0.0	0.0	0.0	0.0	0.0	0.0	0.0	0.0	0.0	0.44886363636363635	0.0	0.0	23.912871287128713	10.627368421052632	0.0	0.0	39.68581687612208	27.762312633832977	0.0	0.0	0.0	2.6414141414141414	8.45	0.0	0.0	0.0	0.0	0.6451612903225806	13.820512820512821	0.0	0.0	16.428256070640177	5.958646616541353
S211_Ribosomal_S2_227084	100.0	Bacteria	Bacillota_A	Clostridia	Oscillospirales	Ruminococcaceae	None	None	0.0	0.0	80.51724137931035	77.73170731707317	158.38524590163934	11.575757575757576	32.60606060606061	379.2621951219512	188.2	174.13939393939393	79.57317073170732	243.82926829268294	137.02424242424243	174.74305555555554	64.94285714285714	63.234482758620686	151.13793103448276	41.68571428571428	218.8121212121212	192.18620689655174	380.18518518518516	197.9111111111111	230.92567567567568	171.4181818181818	95.12727272727273	52.63492063492063	40.25454545454546	58.45679012345679	110.08484848484848	107.48484848484848	135.19858156028369	45.18181818181818	10.7734375	115.26666666666667	100.40243902439025	71.5126050420168	71.05504587155963
S211_Ribosomal_S2_271116	97.2	Bacteria	Bacillota_A	Clostridia	Oscillospirales	Ruminococcaceae	None	None	0.0	0.0	0.0	0.0	0.0	0.0	0.0	0.0	0.0	0.0	0.0	0.0	13.178807947019868	2.723809523809524	3.3098591549295775	0.0	4.582159624413146	1.5586854460093897	1.9428571428571428	0.0	8.707792207792208	0.0	0.0	0.0	0.0	0.0	24.610328638497652	7.325757575757576	0.971830985915493	0.0	22.624413145539908	10.492957746478874	0.0	4.352112676056338	2.6901408450704225	2.3427230046948355	0.0
S211_Ribosomal_S2_362254	100.0	Bacteria	Bacillota_A	Clostridia	Lachnospirales	Lachnospiraceae	Anaerobutyricum	None	0.0	0.0	8.220367278797996	8.935792349726777	5.495440729483283	477.9842022116904	13.880989180834622	55.8158379373849	8.958498023715414	49.54356846473029	19.98926380368098	85.51966292134831	138.76747967479676	124.69601328903654	59.672881355932205	72.53536754507628	29.990922844175493	10.637978142076502	117.68442622950819	82.0726429675425	72.64005602240897	34.4070945945946	97.4661921708185	99.97326203208556	28.086805555555557	67.56948640483384	71.90593342981187	13.486614173228347	88.90322580645162	88.09612141652615	17.221311475409838	23.35810810810811	5.152823920265781	75.65523156089193	50.55464480874317	64.34585289514867	7.919839679358717
S211_Ribosomal_S2_125203	100.0	Bacteria	Bacteroidota	Bacteroidia	Bacteroidales	Bacteroidaceae	Phocaeicola	None	0.0	0.0	9.078720787207873	76.86650774731824	35.66172106824926	0.0	327.8170731707317	289.1578947368421	238.4559068219634	216.045871559633	23.117460317460317	210.33886583679114	15.806818181818182	18.97181008902077	2.4808306709265175	15.82409972299169	3.696107784431138	1.1057971014492753	3.6735294117647057	0.0	76.33214285714286	36.91904761904762	36.95921450151057	19.20110957004161	44.376357056694815	18.49537648612946	65.4780701754386	24.15739484396201	52.370165745856355	82.16	22.593851132686083	3.6476190476190475	0.0	14.663157894736843	6.995334370139969	37.28	7.270700636942675
S211_Ribosomal_S2_62743	100.0	Bacteria	Bacillota_A	Clostridia	UBA1381	UBA1381	CAG-41	CAG-41 sp900066215	0.0	0.0	7.973760932944606	3.5157593123209168	5.800613496932515	0.0	17.585987261146496	46.482638888888886	18.823529411764707	0.0	2.706382978723404	190.0952380952381	7.661064425770308	7.787692307692308	19.061624649859944	22.13677811550152	1.7447447447447448	0.0	10.38655462184874	4.238235294117647	12.854341736694678	1.1092436974789917	15.251121076233185	9.585915492957746	14.726760563380282	7.2669172932330826	19.390625	0.0	8.053221288515406	1.435	3.4177631578947367	2.9131652661064424	0.0	12.15126050420168	3.6872427983539096	11.742296918767506	0.0
S211_Ribosomal_S2_369944	100.0	Bacteria	Bacillota_A	Clostridia	Lachnospirales	Lachnospiraceae	Limivivens	Limivivens sp900543575	0.0	0.0	1.891679748822606	15.110204081632654	11.56140350877193	4.795221843003413	1.635752688172043	10.457478005865102	3.007181328545781	9.645299145299145	2.937226277372263	8.832520325203252	38.59855072463768	41.92038834951456	21.152173913043477	20.266129032258064	2.5591397849462365	4.423387096774194	14.07667731629393	12.021848739495798	26.876190476190477	17.491830065359476	11.913373860182372	11.601236476043276	14.286384976525822	6.383823529411765	13.588709677419354	4.385692068429238	11.793729372937294	23.25538020086083	5.852150537634409	18.493333333333332	1.6236559139784945	10.526315789473685	14.827476038338657	5.0192	2.0854166666666667
S211_Ribosomal_S2_422170	100.0	Bacteria	Bacillota_A	Clostridia	Lachnospirales	Lachnospiraceae	Choladousia	Choladousia sp902363665	0.0	0.0	2.4166666666666665	2.0188172043010755	3.8447552447552447	1.211021505376344	12.058712121212121	7.682442748091603	4.14265335235378	4.925531914893617	3.3954545454545455	3.1397670549084857	23.094086021505376	29.081272084805654	15.191369606003752	22.496610169491525	9.520440251572326	2.973856209150327	12.709531013615734	12.563186813186814	25.19402985074627	7.506692160611855	13.09190031152648	14.921370967741936	10.029345372460497	14.625	15.110929853181077	2.379032258064516	1.832	7.261382799325464	14.11892797319933	6.207885304659499	1.8591352859135286	6.725321888412017	5.579298831385643	6.3726235741444865	2.0658602150537635
S211_Ribosomal_S2_370972	100.0	Bacteria	None	None	None	None	None	None	0.0	0.0	1.171875	8.294117647058824	44.749063670411985	85.58396946564885	54.955729166666664	67.78367346938775	14.14228187919463	99.95301027900148	6.87719298245614	57.03619302949062	330.98039215686276	357.2911392405063	751.3704918032787	534.8070422535211	73.45611285266457	24.224108658743635	118.07692307692308	77.91666666666667	262.3917112299465	131.7369826435247	656.6349206349206	554.2098138747884	33.925170068027214	56.61538461538461	34.928969359331475	3.8359941944847606	83.17863105175292	18.423131170662906	0.19140625	0.0	0.0	2.89	0.0	1.309593023255814	0.0
S211_Ribosomal_S2_382237	100.0	Bacteria	Bacillota_A	Clostridia	Oscillospirales	Ruminococcaceae	Faecalibacterium	None	0.0	0.0	37.57692307692308	120.33689839572193	52.7752808988764	5.298136645962733	153.52105263157895	89.65543071161049	194.53917050691246	223.52564102564102	35.89351851851852	77.78698224852072	210.87596899224806	224.73517786561266	85.28108108108108	127.9746192893401	90.66336633663366	28.949152542372882	196.08032128514057	93.79545454545455	140.04119850187266	81.09009009009009	75.31799163179916	63.9375	260.6309523809524	66.3695652173913	157.0	141.10919540229884	76.66412213740458	150.2808988764045	77.65841584158416	42.5792349726776	29.581196581196583	50.13526570048309	28.802325581395348	53.839572192513366	34.446236559139784
S211_Ribosomal_S2_432927	99.6	Bacteria	Bacteroidota	Bacteroidia	Bacteroidales	Bacteroidaceae	Phocaeicola	Phocaeicola faecicola	0.0	0.0	0.0	10.710264900662251	5.45083932853717	0.22302158273381295	1.9916247906197655	4.425659472422062	0.5634095634095634	1.252371916508539	4.195443645083933	2.4439178515007898	22.04983922829582	27.202770780856422	0.0	11.084541062801932	0.47985347985347987	0.7889688249400479	0.0	0.0	17.557746478873238	6.699861687413555	9.344696969696969	3.2723342939481266	19.89865871833085	1.9412470023980815	7.238609112709832	4.526112185686654	29.748603351955307	41.02357836338419	0.41127098321342925	0.0	0.0	0.7	6.191846522781774	4.142384105960265	1.353717026378897
S211_Ribosomal_S2_215329	100.0	Bacteria	Bacillota_A	Clostridia	Oscillospirales	Ruminococcaceae	Faecalibacterium	None	0.0	0.0	46.13058419243986	186.67678958785248	130.8745704467354	0.9846938775510204	450.55153203342616	60.33178654292343	158.4773519163763	185.16146788990827	22.536016949152543	129.57051282051282	112.48330404217926	108.61340206185567	97.64038461538462	106.5105633802817	113.75352112676056	47.40786240786241	135.72289156626505	99.41896551724138	111.03159851301115	88.3443579766537	72.02061855670104	46.441351888667995	72.95381526104417	9.627147766323024	110.99599198396794	94.29725085910653	73.19759450171821	128.94664031620553	118.5483193277311	42.24914089347079	46.76975945017182	53.554982817869416	53.802405498281786	54.56678700361011	47.7680412371134
S211_Ribosomal_S2_128293	99.6	Bacteria	Bacteroidota	Bacteroidia	Bacteroidales	Rikenellaceae	Alistipes_A	Alistipes_A pullistercoris	0.0	0.0	0.0	0.0	0.0	0.0	0.0	0.0	0.0	0.0	0.0	0.0	0.34988179669030733	0.0	0.0	0.0	0.0	0.0	0.0	0.0	12.578328981723237	8.798518518518518	14.238227146814404	4.544072948328267	8.929496402877698	3.8607142857142858	4.5458015267175576	0.0	0.0	0.0	0.0	0.0	0.0	0.0	0.0	0.0	0.0
S211_Ribosomal_S2_311590	100.0	Bacteria	Bacillota_A	Clostridia	Oscillospirales	Oscillospiraceae	Faecousia	None	0.0	0.0	0.0	0.0	0.0	0.0	2.7790697674418605	0.0	0.0	0.0	0.0	0.0	0.0	0.7401960784313726	0.0	0.0	0.0	0.0	0.0	0.0	1.9813829787234043	0.0	27.127450980392158	4.620817843866171	0.0	0.0	25.502824858757062	1.3043478260869565	0.0	0.0	32.01114206128134	6.4681372549019605	1.062857142857143	5.022222222222222	0.0	1.4362745098039216	0.0
S211_Ribosomal_S2_441658	100.0	Bacteria	Bacillota_A	Clostridia	Lachnospirales	Lachnospiraceae	Dorea_A	Dorea_A longicatena	0.0	0.0	31.308777429467085	16.48714069591528	19.493224932249323	0.16531165311653118	65.1322188449848	275.24080267558526	51.65990639625585	67.03488372093024	66.24872231686541	123.62880886426593	264.321044546851	223.6306179775281	241.32183908045977	230.25655430711612	109.73482428115015	26.440594059405942	150.156462585034	100.75748502994011	165.677471636953	71.59752747252747	319.1224832214765	212.3249607535322	62.94758620689655	40.28675400291121	120.01864406779661	18.51654676258993	189.12116564417178	149.63666666666666	26.45793103448276	67.33232169954476	11.399153737658674	142.9400299850075	129.29103448275862	114.53355704697987	23.703821656050955
S211_Ribosomal_S2_282427	100.0	Bacteria	Bacillota	Bacilli	Erysipelotrichales	Coprobacillaceae	None	None	0.0	0.0	0.9045521292217328	4.968333333333334	0.0	63.3452188006483	0.7230215827338129	28.477905073649755	0.7927007299270074	14.742198100407055	5.497964721845319	22.54226475279107	13.464856230031948	24.857142857142858	9.64349376114082	10.890130353817504	1.5013736263736264	0.0	3.9859154929577465	1.3154172560113153	2.26378896882494	1.764988009592326	1.7197106690777577	3.6127098321342928	4.405821917808219	5.901408450704225	2.493150684931507	1.013189448441247	2.771144278606965	5.67621776504298	3.4268585131894485	0.0	0.0	7.771956856702619	6.833887043189368	6.4777448071216615	1.646282973621103
S211_Ribosomal_S2_412988	100.0	Bacteria	Bacillota_A	Clostridia	Christensenellales	CAG-74	None	None	0.0	0.0	0.0	0.0	0.0	0.0	0.0	0.0	1.0	0.0	0.0	0.0	9.474074074074075	20.54237288135593	1.0	2.772727272727273	0.8148148148148148	2.9407407407407407	6.933333333333334	2.9185185185185185	12.856060606060606	2.8814814814814813	1.511111111111111	5.42962962962963	4.709677419354839	2.785185185185185	19.747663551401867	0.0	0.0	2.6444444444444444	8.933333333333334	8.362962962962962	1.0	5.029629629629629	19.22962962962963	4.533333333333333	0.0
S211_Ribosomal_S2_354110	100.0	Bacteria	Bacteroidota	Bacteroidia	Bacteroidales	Marinifilaceae	Odoribacter	Odoribacter splanchnicus	0.0	0.0	0.0	4.102469135802469	1.6963636363636363	0.0	0.0	0.0	0.0	0.0	0.0	0.0	1.4049382716049383	1.6439169139465875	0.0	0.0	3.8747663551401867	5.898765432098766	0.0	0.0	13.245547073791348	1.9821182943603852	0.4666666666666667	2.319039451114923	3.8103932584269664	1.1358024691358024	11.222054380664652	3.265546218487395	1.326972010178117	3.454320987654321	2.377551020408163	0.0	0.0	0.0	0.0	1.4206896551724137	0.0
S211_Ribosomal_S2_193344	100.0	Bacteria	Bacillota_A	Clostridia	Oscillospirales	Ruminococcaceae	Negativibacillus	Negativibacillus sp000435195	0.0	0.0	0.0	0.0	1.9661319073083778	0.0	0.0	0.0	0.0	0.0	0.0	0.0	8.059701492537313	1.3247863247863247	5.7573221757322175	6.285714285714286	0.0	0.0	0.0	0.0	0.0	0.0	0.0	0.0	8.537142857142857	0.0	6.884057971014493	0.0	0.0	0.0	0.0	0.0	0.0	4.0440771349862255	2.4104683195592287	2.4154103852596314	1.6979472140762464
S211_Ribosomal_S2_35145	100.0	Bacteria	Bacillota_A	Clostridia	Oscillospirales	Acutalibacteraceae	UBA1417	None	0.0	0.0	42.10356536502547	2.320855614973262	9.930278884462151	0.0	0.0	20.183413078149922	46.15284552845529	81.09214092140921	17.636363636363637	35.66256590509666	21.9264	8.763934426229508	7.2404692082111435	10.372628726287262	4.167375886524822	4.847953216374269	244.0057306590258	157.0028328611898	54.13030303030303	34.8871473354232	17.25341426403642	7.926100628930818	41.51470588235294	11.569400630914826	12.490196078431373	0.0	2.75	1.4665226781857452	17.841379310344827	29.279511533242875	2.9614197530864197	55.75262368815592	67.31372549019608	84.3913043478261	50.73961218836565
S211_Ribosomal_S2_110409	100.0	Bacteria	Bacillota_A	Clostridia	None	None	None	None	0.0	0.0	24.683615819209038	28.092307692307692	10.083333333333334	173.9774011299435	72.82978723404256	95.89265536723164	20.853107344632768	65.55932203389831	49.25423728813559	116.14689265536722	59.20338983050848	80.07909604519774	116.50282485875707	77.55367231638418	44.16551724137931	3.6991150442477876	56.06214689265537	58.463276836158194	44.163841807909606	42.61581920903955	71.05521472392638	49.794117647058826	20.82608695652174	34.75141242937853	32.16216216216216	25.857142857142858	20.047619047619047	38.53968253968254	28.819209039548024	17.43089430894309	7.1063829787234045	8.35	23.430555555555557	38.252873563218394	10.203389830508474
S211_Ribosomal_S2_17226	100.0	Bacteria	Desulfobacterota	Desulfovibrionia	Desulfovibrionales	Desulfovibrionaceae	Mailhella	Mailhella sp017408905	0.0	0.0	0.0	22.076923076923077	1.3418803418803418	0.0	1.0341880341880343	0.0	0.0	0.0	0.0	0.0	2.6495726495726495	2.8974358974358974	0.0	0.0	0.0	0.0	0.0	0.0	0.0	0.0	0.0	0.0	0.0	0.0	0.0	0.0	0.0	0.0	9.632478632478632	0.0	0.0	0.0	0.0	3.948717948717949	0.0
S211_Ribosomal_S2_422732	100.0	Bacteria	Bacillota_A	Clostridia	Oscillospirales	Acutalibacteraceae	CAG-177	None	0.0	0.0	6.4978902953586495	29.031802120141343	0.5631067961165048	0.0	0.0	0.0	0.0	0.0	0.0	0.0	3.405	17.26751592356688	0.0	0.0	16.735395189003437	9.651090342679128	3.0562770562770565	7.2355072463768115	40.319298245614036	24.842307692307692	43.49795918367347	35.1356783919598	5.034267912772585	0.9376947040498442	2.7850467289719627	0.0	0.0	0.0	9.486725663716815	8.158878504672897	1.9439252336448598	43.215613382899626	96.47290640394088	152.6324110671937	52.08139534883721
S211_Ribosomal_S2_204108	100.0	Bacteria	Bacillota_A	Clostridia	Oscillospirales	Acutalibacteraceae	UBA737	None	0.0	0.0	0.0	0.0	0.0	0.0	0.0	0.0	0.0	0.0	0.0	0.0	2.889925373134328	3.1658878504672896	0.0	0.0	2.1621621621621623	0.0	0.0	0.0	17.141732283464567	24.122522522522523	1.8162162162162163	0.0	0.0	0.0	13.233128834355828	0.0	0.0	0.0	0.7945945945945946	0.0	0.0	11.978378378378379	9.240480961923847	6.242424242424242	4.9688995215311005
S211_Ribosomal_S2_54098	100.0	Bacteria	Bacillota_A	Clostridia	Lachnospirales	Lachnospiraceae	Copromonas	None	0.0	0.0	0.0	1.3183520599250935	0.0	0.0	28.529661016949152	0.22846441947565543	19.04780876494024	7.981132075471698	0.0	13.616666666666667	0.0	0.0	0.0	0.0	3.069105691056911	0.0	4.097378277153558	3.385767790262172	1.641025641025641	4.104868913857678	0.0	0.9737827715355806	7.943820224719101	0.0	7.526595744680851	1.1235955056179776	0.0	12.838951310861423	1.0711610486891385	0.0	1.1086142322097379	0.0	0.0	1.646551724137931	0.0
S211_Ribosomal_S2_31574	99.0	Bacteria	Actinomycetota	Coriobacteriia	Coriobacteriales	Eggerthellaceae	Adlercreutzia	Adlercreutzia hattorii	0.0	0.0	0.8427350427350427	0.0	0.0	1.0576208178438662	6.880341880341881	11.893760539629005	27.029007633587785	31.800884955752213	7.762250453720508	14.234119782214156	0.05390835579514825	0.0	0.0	0.0	0.0	0.0	0.0	0.0	11.22279792746114	8.512820512820513	2.666019417475728	5.9812734082397006	23.56228373702422	12.620102214650766	15.254901960784315	12.351515151515152	6.518821603927987	7.136887608069165	5.8969696969696965	6.961666666666667	6.827635327635328	37.796460176991154	25.46019108280255	23.25686591276252	4.875816993464053
S211_Ribosomal_S2_180569	100.0	Bacteria	Bacteroidota	Bacteroidia	Bacteroidales	Rikenellaceae	Alistipes	Alistipes communis	0.0	0.0	0.0	1.233115468409586	2.915032679738562	0.1437908496732026	0.47928994082840237	0.0	1.5740740740740742	0.3017429193899782	0.0	0.0	0.0	0.0	0.0	0.1383442265795207	2.5788732394366196	1.4019607843137254	0.0	1.618736383442266	10.995633187772926	9.069078947368421	7.097724230254351	7.840213049267643	3.6008836524300443	1.4317241379310346	7.9603174603174605	5.209070796460177	1.4477124183006536	1.7551266586248493	2.8030888030888033	2.848084544253633	0.9640522875816994	6.105193075898802	7.66557734204793	9.955428571428572	3.1762114537444934
S211_Ribosomal_S2_368985	100.0	Bacteria	Bacillota_A	Clostridia	Lachnospirales	Lachnospiraceae	Blautia_A	Blautia_A wexlerae_B	0.0	0.0	95.54320987654322	70.2246835443038	38.28691983122363	485.23363095238096	217.13021702838063	377.5219594594595	88.25173611111111	324.7737430167598	199.18817204301075	529.4350877192983	731.8845577211395	733.2486559139785	622.379407616361	501.85179640718565	124.608	36.0735294117647	296.6272	169.76102418207682	329.68430335097	178.37756497948016	247.69854132901133	217.28151986183073	130.5495118549512	60.16429699842022	73.18597063621533	59.69496855345912	201.6048951048951	247.75728155339806	132.21309192200556	25.399193548387096	26.027027027027028	177.10363636363635	114.64876632801162	149.2242225859247	34.445205479452056
S211_Ribosomal_S2_8027	94.5	Bacteria	Bacteroidota	Bacteroidia	Flavobacteriales	UBA1820	Merdimorpha	Merdimorpha sp003150615	0.0	0.0	0.0	0.0	0.0	0.0	0.0	0.0	0.0	0.0	0.0	0.0	0.0	0.0	0.0	0.0	0.0	0.0	0.0	0.0	0.895397489539749	0.0	0.0	0.0	2.0178799489144317	4.414507772020725	5.585448392554992	0.0	0.0	0.0	0.0	0.0	0.0	0.0	0.0	0.0	0.0
S211_Ribosomal_S2_58206	100.0	Bacteria	Bacillota_A	Clostridia	Christensenellales	CAG-138	PeH17	PeH17 sp000435055	0.0	0.0	5.455056179775281	0.0	0.0	0.0	0.0	0.0	0.0	0.0	0.0	0.0	0.0	0.0	0.0	0.0	1.5856573705179282	0.0	0.0	0.0	0.0	0.0	0.0	0.0	15.018145161290322	7.669590643274854	12.317803660565724	0.0	0.0	0.0	63.90163934426229	14.38341968911917	25.505244755244757	0.0	0.0	0.6925619834710743	0.4209827357237716
S211_Ribosomal_S2_264043	100.0	Bacteria	Bacteroidota	Bacteroidia	Bacteroidales	Rikenellaceae	Tidjanibacter	Tidjanibacter inops	0.0	0.0	1.144632768361582	0.0	0.0	0.0	0.0	0.0	0.0	0.0	0.0	0.0	0.0	0.0	0.0	0.0	0.0	0.0	0.0	0.0	0.0	0.0	0.0	0.0	184.04897959183674	75.52722443559097	149.25219941348973	0.0	0.0	0.0	0.0	0.0	0.0	0.0	0.0	0.0	0.0
S211_Ribosomal_S2_451951	100.0	Bacteria	Actinomycetota	Coriobacteriia	Coriobacteriales	Eggerthellaceae	Senegalimassilia	Senegalimassilia anaerobia	0.0	0.0	0.0	0.0	36.67733333333333	9.506666666666666	0.0	0.0	0.0	0.0	0.0	0.0	25.009358288770052	19.887686062246278	16.56908344733242	11.424292845257904	3.7169312169312168	3.2843537414965986	9.8371335504886	5.009150326797386	4.876075731497418	2.9686274509803923	7.646739130434782	9.783870967741935	21.336805555555557	29.105479452054794	19.210526315789473	0.0	0.0	0.0	22.027173913043477	26.967567567567567	19.085669781931465	0.0	0.0	2.1023936170212765	0.0
S211_Ribosomal_S2_182641	100.0	Bacteria	Bacillota_A	Clostridia	Lachnospirales	Lachnospiraceae	Coprococcus	Coprococcus sp900066115	0.0	0.0	23.212707182320443	1.8056737588652483	2.05	0.0	0.0	0.0	0.0	0.0	0.0	0.0	48.95791245791246	38.866473149492016	45.220088626292466	32.87632508833922	70.10681399631676	31.957952468007313	56.33558178752108	32.786596119929456	4.300813008130081	1.1585365853658536	25.664298401420957	21.34685598377282	115.54948805460751	0.04878048780487805	55.46534653465346	0.0	0.0	0.0	0.48577680525164113	3.24287856071964	0.0	43.3343701399689	44.5945558739255	46.4159891598916	7.74923076923077
S211_Ribosomal_S2_53109	99.6	Bacteria	Bacillota_C	Negativicutes	Acidaminococcales	Acidaminococcaceae	CAG-266	CAG-266 sp000436095	0.0	0.0	0.0	0.0	0.0	0.0	0.0	0.0	0.0	0.0	0.0	0.0	0.0	0.3754863813229572	0.0	0.0	0.0	0.0	0.0	0.0	0.0	0.0	0.0	0.0	23.02016129032258	0.0	10.337228714524207	0.0	0.0	0.0	0.0	0.0	0.0	0.0	0.0	0.0	0.0
S211_Ribosomal_S2_9595	100.0	Bacteria	Bacillota_A	Clostridia	None	None	None	None	0.0	0.0	46.395161290322584	15.558558558558559	16.444444444444443	96.71428571428571	61.648275862068964	29.033333333333335	31.974358974358974	48.65909090909091	33.52808988764045	45.927927927927925	71.5625	78.29545454545455	130.16	75.81751824817518	36.265306122448976	11.869565217391305	80.91208791208791	23.297101449275363	29.009615384615383	40.11965811965812	47.69387755102041	13.368055555555555	22.785714285714285	29.0	577.8503401360545	11.217687074829932	22.91176470588235	21.84027777777778	8.605442176870747	25.135135135135137	15.635294117647058	17.110294117647058	24.660714285714285	44.1271186440678	12.272108843537415
S211_Ribosomal_S2_110971	100.0	Bacteria	Bacillota_A	Clostridia	None	None	None	None	0.0	0.0	0.0	0.0	0.0	0.0	0.0	8.305555555555555	9.451612903225806	9.671875	0.0	0.0	8.01086956521739	0.8214285714285714	7.11	16.655172413793103	0.0	0.0	0.0	0.0	7.981481481481482	0.0	4.8375	4.097087378640777	21.486842105263158	10.25925925925926	0.0	0.0	0.0	0.0	3.122448979591837	0.0	0.0	0.0	3.7037037037037037	2.1203703703703702	0.0
S211_Ribosomal_S2_272776	100.0	Bacteria	Bacillota_A	Clostridia	Lachnospirales	Lachnospiraceae	Mediterraneibacter	Mediterraneibacter faecis	0.0	0.0	20.401060070671377	19.322666666666667	10.836088154269973	55.0164744645799	69.28757225433526	66.98469387755102	10.76210235131397	39.68188302425107	11.852897473997029	58.602666666666664	353.553772070626	301.00629921259844	197.39175257731958	179.29087452471484	134.84005979073243	41.541414141414144	288.90877796901896	206.8532258064516	65.81481481481481	45.015533980582525	70.72457627118644	51.77554744525548	36.19534050179212	78.56309148264984	78.00740740740741	22.986688851913478	131.65197568389058	153.75142314990512	53.11774193548387	94.81558028616853	37.188709677419354	158.74891774891776	132.5841726618705	98.49817518248175	18.2078125
S211_Ribosomal_S2_7576	100.0	Bacteria	Bacillota_A	Clostridia	Lachnospirales	Lachnospiraceae	None	None	0.0	0.0	5.641025641025641	0.0	0.0	0.0	102.01595744680851	52.21025641025641	15.957575757575757	5.019417475728155	1.8841463414634145	19.153846153846153	28.88976377952756	16.16025641025641	1.528205128205128	2.953846153846154	0.0	0.0	33.729281767955804	21.541666666666668	34.88205128205128	13.174358974358974	11.120481927710843	2.85	10.517948717948718	0.0	5.92	4.33879781420765	12.0828025477707	5.841059602649007	1.0769230769230769	0.0	0.0	10.959302325581396	6.636871508379889	2.2448979591836733	1.8256410256410256
S211_Ribosomal_S2_357273	100.0	Bacteria	Bacillota_A	Clostridia	Lachnospirales	Lachnospiraceae	Agathobacter	Agathobacter rectalis	0.0	0.0	162.95304347826087	49.49079754601227	22.623063683304647	2.2816188870151772	841.9061166429588	129.41333333333333	88.53427419354838	494.6183486238532	235.55417956656348	525.3885542168674	406.2437673130194	375.3573407202216	491.75414364640886	781.7437325905292	459.74305555555554	153.15686274509804	443.6009463722398	299.5023923444976	218.21586715867159	111.78014184397163	170.98067632850243	157.62396694214877	199.2299212598425	321.074931880109	176.36633663366337	123.03619909502262	782.8529411764706	1159.9105571847508	56.58426966292135	139.94353640416048	91.15971223021583	33.37126600284495	26.736024844720497	292.54914196567864	92.01830282861897
S211_Ribosomal_S2_276377	100.0	Bacteria	Bacillota_A	Clostridia	Oscillospirales	Oscillospiraceae	Vescimonas	Vescimonas sp001916855	0.0	0.0	8.62962962962963	22.766488413547236	28.62396006655574	0.0	13.535598705501618	0.0	2.203665987780041	9.696682464454977	3.882030178326475	3.1190817790530847	14.659284497444634	5.119887165021156	8.16323731138546	6.359677419354838	24.514245014245013	4.756013745704467	17.3376	8.693308550185874	34.44768439108062	23.529503105590063	21.02308802308802	9.279329608938548	56.24248120300752	13.02880658436214	58.26178861788618	20.4181568088033	8.310975609756097	8.902730375426621	83.661101836394	21.278632478632478	35.42384105960265	24.091379310344827	11.67311072056239	21.001371742112482	8.16611295681063
S211_Ribosomal_S2_193945	100.0	Bacteria	Bacillota_A	Clostridia	Lachnospirales	Lachnospiraceae	Roseburia	Roseburia hominis	0.0	0.0	10.817320703653586	0.0	4.394062078272604	0.0	11.9088	9.290060851926977	17.527131782945737	17.1859756097561	4.33468286099865	17.406518010291595	1.2900641025641026	0.4989429175475687	0.0	0.0	1.542763157894737	1.8256	2.612431444241316	0.6273584905660378	12.205128205128204	3.6222596964586846	4.707720588235294	4.478896103896104	43.73219814241486	8.960863697705802	13.698507462686567	13.149108589951378	1.3819163292847503	6.2152466367713	10.950871632329635	3.4825581395348837	14.97872340425532	25.481611208406306	13.203442879499217	16.018333333333334	5.721357850070722
S211_Ribosomal_S2_369565	100.0	Bacteria	Bacillota_A	Clostridia	Lachnospirales	Lachnospiraceae	None	None	0.0	0.0	0.0	0.0	0.0	0.0	0.0	9.211009174311927	0.0	8.735714285714286	0.8652482269503546	8.843283582089553	8.336134453781513	4.808510638297872	27.04040404040404	16.97872340425532	3.0615384615384613	3.574468085106383	0.0	0.0	0.0	5.401869158878505	0.0	0.0	0.0	0.0	9.527027027027026	0.0	3.2411347517730498	0.0	5.3130434782608695	0.0	0.0	8.092307692307692	0.674074074074074	3.4397163120567376	0.0
S211_Ribosomal_S2_1958	100.0	Bacteria	Bacillota_A	Clostridia	Lachnospirales	Lachnospiraceae	Blautia_A	None	0.0	0.0	32.579391891891895	97.54852320675106	38.92774566473989	1348.06135986733	91.76856649395509	69.49108367626886	25.029957203994293	36.77396021699819	26.076106194690265	39.0652528548124	83.58767772511848	77.74074074074075	48.03993055555556	50.70471014492754	121.91424418604652	48.36807817589577	167.7255520504732	112.9	120.14069591527988	66.82975679542203	125.67402376910017	92.74745762711865	37.34699853587116	27.100494233937397	36.41538461538462	18.797450424929178	63.612521150592215	65.43194444444444	17.822525597269625	41.712609970674485	7.66351606805293	28.389662027833	27.709949409780776	7.9549929676511955	4.0015772870662465
S211_Ribosomal_S2_441257	98.9	Bacteria	Bacillota_A	Clostridia	Lachnospirales	Lachnospiraceae	Roseburia	None	0.0	0.0	1.996	3.0415094339622644	14.873390557939913	13.062611806797854	133.94831013916502	72.22018348623853	13.905222437137331	40.543956043956044	9.892344497607656	60.35872235872236	65.1242718446602	69.42277992277992	163.08816705336426	148.06588235294117	48.494949494949495	10.125301204819277	110.33001988071571	51.18021978021978	41.49444444444445	18.71150442477876	49.03087885985748	27.57314629258517	7.357333333333333	8.093073593073592	12.782505910165485	1.3253333333333333	17.701219512195124	14.512437810945274	1.6547619047619047	1.4573002754820936	5.705989110707804	21.966101694915253	19.5250501002004	36.73039215686274	4.441478439425051
S211_Ribosomal_S2_245674	99.6	Bacteria	Bacillota_A	Clostridia	Lachnospirales	Anaerotignaceae	Anaerotignum	Anaerotignum faecicola	0.0	0.0	0.13278008298755187	10.023847376788554	1.9715909090909092	0.0	0.0	0.0	0.0	0.7911479944674965	0.0	0.0	1.5491009681881052	0.0	3.5224719101123596	1.372060857538036	2.2567114093959733	0.48686030428769017	3.3485477178423237	0.7166666666666667	8.046511627906977	0.0	7.474336283185841	7.943164362519202	5.2630718954248366	0.0	9.866352201257861	0.0	1.7759336099585061	0.0	9.257229832572298	7.163208852005533	1.4813278008298756	3.987551867219917	8.063865546218487	4.716236722306525	0.8243430152143845
S211_Ribosomal_S2_382890	100.0	Bacteria	Bacillota_A	Clostridia	Oscillospirales	Ruminococcaceae	Faecalibacterium	None	0.0	0.0	7.314606741573034	21.98	69.12121212121212	1.9090909090909092	18.58267716535433	27.3203125	43.85245901639344	40.666666666666664	5.427272727272728	61.14393939393939	79.56060606060606	39.69230769230769	25.810606060606062	18.846846846846848	45.871212121212125	18.492424242424242	100.89393939393939	80.21969696969697	37.35576923076923	19.136363636363637	21.990825688073393	8.166666666666666	15.287878787878787	0.0	6.061728395061729	38.34848484848485	42.916666666666664	78.76515151515152	39.71212121212121	31.92063492063492	20.23931623931624	13.059322033898304	20.96212121212121	31.439393939393938	25.825757575757574
S211_Ribosomal_S2_372145	100.0	Bacteria	Bacillota_A	Clostridia	Lachnospirales	Lachnospiraceae	Wujia	Wujia chipingensis	0.0	0.0	0.0	0.0	4.061185468451243	0.0	0.0	0.0	0.0	0.0	0.0	0.0	19.738317757009344	6.777310924369748	0.8465189873417721	4.294452347083926	6.949343339587242	2.9659735349716447	2.3441295546558703	0.735593220338983	103.09410112359551	53.489291598023065	0.6451612903225806	2.7091836734693877	1.4197031039136303	3.042207792207792	114.59726962457339	0.0	0.0	0.0	33.75168690958164	0.0	9.072340425531914	9.772036474164134	13.541160593792172	2.988372093023256	2.031039136302294
S211_Ribosomal_S2_117180	100.0	Bacteria	Bacillota_A	Clostridia	Oscillospirales	Acutalibacteraceae	CAG-177	None	0.0	0.0	0.0	19.867469879518072	0.2123015873015873	0.0	0.0	0.0	0.0	0.0	0.0	0.0	14.164609053497943	2.143776824034335	0.0	0.0	27.114058355437667	6.134328358208955	6.637075718015666	6.393877551020408	39.035874439461885	24.00595238095238	46.73317307692308	26.439506172839508	5.614395886889461	0.21031746031746032	2.988095238095238	0.0	0.0	0.0	13.264102564102565	4.1726190476190474	1.7400793650793651	58.68542199488491	103.79550561797753	109.69339622641509	42.66230936819172
S211_Ribosomal_S2_125374	100.0	Bacteria	Bacillota_A	Clostridia	Oscillospirales	Ruminococcaceae	Faecalibacterium	None	0.0	0.0	20.576470588235296	27.99099099099099	76.71969696969697	62.59848484848485	0.0	43.96212121212121	31.92792792792793	23.09090909090909	42.53982300884956	52.77570093457944	74.21774193548387	71.63934426229508	67.71969696969697	70.48484848484848	2.787878787878788	3.6666666666666665	38.59139784946237	14.628787878787879	33.01538461538462	20.357142857142858	8.793103448275861	19.78787878787879	21.666666666666668	18.78448275862069	61.90151515151515	33.56363636363636	29.327868852459016	75.28787878787878	10.475	13.13888888888889	12.287878787878787	37.67424242424242	28.068181818181817	28.10958904109589	13.895652173913044
S211_Ribosomal_S2_65472	100.0	Bacteria	Bacteroidota	Bacteroidia	Bacteroidales	Bacteroidaceae	Prevotella	None	0.0	0.0	91.05779569892474	506.843853820598	261.2495755517827	0.0	0.0	0.0	0.0	0.0	0.0	0.0	179.0904255319149	166.5970802919708	79.32791728212703	133.7532281205165	1266.871273712737	627.1062322946176	162.56294200848657	113.60311958405546	229.11565836298934	120.36162361623616	297.5083333333333	421.23865110246436	200.7308743169399	34.15902578796562	278.19827586206895	173.9359331476323	210.54166666666666	648.0630136986301	14.140825035561878	5.76183844011142	7.0425963488843815	17.30350194552529	5.321969696969697	310.11243611584325	119.07234042553192
S211_Ribosomal_S2_395715	99.2	Bacteria	Desulfobacterota	Desulfovibrionia	Desulfovibrionales	Desulfovibrionaceae	Bilophila	Bilophila wadsworthia	0.0	0.0	0.0	6.247232472324724	1.4641975308641975	0.0	0.0	0.0	0.0	0.0	0.0	0.0	15.958868894601542	5.839506172839506	0.0	0.0	3.4084880636604775	8.517460317460317	0.0	0.0	0.0	0.0	0.0	0.0	4.8396739130434785	0.0	4.917808219178082	0.421259842519685	0.0	0.0	5.958024691358025	0.0	0.0	0.0	0.0	0.8996655518394648	0.0
S211_Ribosomal_S2_22998	100.0	Bacteria	Bacillota_A	Clostridia	Lachnospirales	Lachnospiraceae	Bariatricus	None	0.0	0.0	26.813356164383563	29.058917197452228	5.676369863013699	1.7473118279569892	122.67368421052632	0.967409948542024	1.4010327022375215	0.7352445193929174	20.85483870967742	54.19484240687679	191.95777027027026	152.81858407079645	117.95588235294117	123.8368	27.489827856025038	7.789699570815451	114.64872139973082	66.48125937031485	155.02063492063493	91.09298780487805	141.14638157894737	116.45417789757413	45.828267477203646	21.096774193548388	42.18987341772152	11.595611285266457	44.07119205298013	38.382456140350875	27.534181240063592	19.917073170731708	9.928695652173912	91.60487804878049	87.22177419354838	81.77692307692308	20.836021505376344
S211_Ribosomal_S2_268248	100.0	Bacteria	Actinomycetota	Coriobacteriia	Coriobacteriales	Coriobacteriaceae	Enorma	Enorma massiliensis	0.0	0.0	11.355395683453237	0.22871046228710462	2.656934306569343	120.03041825095058	31.901140684410645	59.6425855513308	13.02788339670469	27.26108998732573	23.702154626109	38.49809885931559	65.61470215462612	54.756653992395435	32.55591572123177	31.345509893455098	19.362869198312236	7.157968970380818	57.26534653465347	39.331938633193865	37.52091254752852	21.366713681241183	65.97718631178707	41.628643852978456	14.296296296296296	26.94729907773386	30.459807073954984	21.489945155393052	46.79136690647482	44.68072289156626	47.297256097560975	99.68060836501901	18.83748361730013	88.71102661596959	58.537389100126745	30.959701492537313	15.61977186311787
S211_Ribosomal_S2_200667	100.0	Bacteria	Actinomycetota	Coriobacteriia	Coriobacteriales	QAMH01	QAMH01	QAMH01 sp003149935	0.0	0.0	0.0	0.0	0.0	0.0	0.0	0.0	0.0	0.0	0.0	0.0	0.0	0.0	0.0	0.0	0.0	0.0	0.0	0.0	0.8296774193548387	0.0	0.0	0.0	2.927120669056153	16.765739385065885	10.902857142857142	0.0	0.0	0.0	0.0	0.0	0.0	0.0	0.0	0.0	0.0
S211_Ribosomal_S2_211420	98.1	Bacteria	Bacillota	Bacilli	RF39	UBA660	Onthousia	Onthousia sp000438295	0.0	0.0	0.0	0.0	0.0	0.0	0.0	0.0	0.0	0.0	0.0	0.0	0.0	0.0	0.0	0.0	0.0	0.0	0.0	0.0	0.0	0.0	0.0	0.0	0.0	0.8695150115473441	18.921375921375923	0.0	0.0	0.0	0.0	0.0	0.0	0.5299435028248588	0.8585271317829457	8.249031007751938	0.0
S211_Ribosomal_S2_199646	98.6	Bacteria	Bacillota_A	Clostridia	Christensenellales	CAG-138	PeH17	PeH17 sp022510765	0.0	0.0	0.0	0.0	0.0	0.0	0.0	0.0	0.0	0.0	0.0	0.0	0.0	0.0	0.0	0.0	0.0	0.0	0.0	0.0	0.0	0.0	0.0	0.0	11.17687074829932	0.0	0.0	0.0	0.0	0.0	10.690058479532164	3.123762376237624	1.5047169811320755	0.0	0.0	0.0	1.7115384615384615
S211_Ribosomal_S2_358883	100.0	Bacteria	Pseudomonadota	Gammaproteobacteria	Burkholderiales	Burkholderiaceae_A	Sutterella	Sutterella wadsworthensis_A	0.0	0.0	0.0	0.0	0.0	0.0	0.0	0.0	0.0	0.0	0.0	0.0	1.088235294117647	1.8725490196078431	0.0	0.0	5.588	1.7666666666666666	0.0	2.0901960784313727	0.592156862745098	0.0	0.0	0.0	0.0	0.0	4.313725490196078	0.0	15.313315926892951	27.23170731707317	4.2356979405034325	3.3245436105476673	2.5973333333333333	0.0	0.0	0.0	0.0
S211_Ribosomal_S2_56292	96.8	Bacteria	Bacillota_A	Clostridia	Lachnospirales	Lachnospiraceae	Eubacterium_I	None	0.0	0.0	4.549828178694158	4.903780068728523	1.8934707903780068	4.443298969072165	8.433673469387756	93.35051546391753	17.41860465116279	46.75	5.596412556053812	42.31351351351351	62.81896551724138	62.189473684210526	20.123711340206185	23.75812274368231	5.192982456140351	0.726775956284153	28.18213058419244	10.84192439862543	16.38818565400844	13.29896907216495	14.05574912891986	6.360824742268041	4.429553264604811	10.776061776061775	15.586854460093896	13.756013745704468	14.371428571428572	5.845132743362832	3.5316455696202533	7.120274914089347	1.8142292490118577	10.611320754716981	6.080568720379147	14.996323529411764	1.556701030927835
S211_Ribosomal_S2_295397	99.7	Bacteria	Bacillota	Bacilli	Erysipelotrichales	Erysipelotrichaceae	Holdemanella	None	0.0	0.0	26.518939393939394	0.0	0.0	0.0	0.0	0.0	0.0	0.0	0.0	0.0	260.27793296089385	242.25637583892617	162.37827715355806	121.89546599496222	69.95575221238938	16.789954337899545	350.4791666666667	188.98245614035088	121.17142857142858	70.2713963963964	142.00296735905044	120.3984674329502	22.477438136826784	44.171081677704194	25.39568345323741	60.019867549668874	341.80193905817174	123.93189964157706	22.109741060419235	34.3978978978979	12.057931034482758	0.0	0.0	0.0	0.0
S211_Ribosomal_S2_173030	100.0	Bacteria	Bacillota_A	Clostridia	Lachnospirales	Lachnospiraceae	Blautia_A	None	0.0	0.0	59.77173913043478	31.76901798063624	44.56276445698166	0.0	151.31292517006804	436.0842696629214	152.24054462934947	226.80450070323488	182.17604617604619	373.74148606811144	300.52283464566926	252.38156028368795	142.7725903614458	140.58362989323842	94.76280323450135	27.412371134020617	181.47981366459626	117.35766423357664	174.83305785123966	80.74057971014493	333.00329489291596	265.9193798449612	51.34620886981402	194.33388157894737	178.88541666666666	48.299731182795696	226.202492211838	192.03716216216216	29.459375	77.87694483734087	14.59349593495935	129.2596599690881	101.52956989247312	62.3328335832084	20.620689655172413
S211_Ribosomal_S2_462311	100.0	Bacteria	Bacillota_A	Clostridia	Lachnospirales	Lachnospiraceae	Enterocloster	Enterocloster citroniae	0.0	0.0	3.2265625	0.0	0.0	10.957317073170731	17.13095238095238	13.244274809160306	15.797619047619047	6.466386554621849	3.501618122977346	50.654761904761905	9.523809523809524	0.0	6.432773109243698	4.592261904761905	1.7797619047619047	0.9375	0.0	0.0	10.598214285714286	7.207070707070707	11.12202380952381	2.3059360730593608	2.6449275362318843	2.6785714285714284	2.17	0.0	3.8218623481781377	3.5304054054054053	2.4411764705882355	2.869047619047619	0.0	1.7976190476190477	0.0	0.8807692307692307	0.2074468085106383
S211_Ribosomal_S2_398823	100.0	Bacteria	Actinomycetota	Actinomycetia	Actinomycetales	Bifidobacteriaceae	Bifidobacterium	Bifidobacterium adolescentis	0.0	0.0	322.7549668874172	5.0531732418524875	197.30349013657056	276.80125195618155	10.003095975232197	149.3905053598775	65.94579945799458	167.82282282282281	459.50157728706625	241.46189735614308	26.59599332220367	12.0	31.694566813509546	10.489263803680982	25.77809388335704	16.193103448275863	21.28494623655914	22.49824561403509	89.27522935779817	59.52136752136752	188.0520231213873	160.24652338811632	6.274725274725275	711.0667701863354	280.83140283140284	373.4117647058824	1583.6901798063623	841.9725609756098	594.5765230312036	426.4175035868006	273.07422402159244	660.6732394366197	623.6572280178838	464.8315649867374	231.24914089347078
S211_Ribosomal_S2_191465	100.0	Bacteria	Bacillota_A	Clostridia	Lachnospirales	Lachnospiraceae	Acetatifactor	Acetatifactor sp900766575	0.0	0.0	9.16546762589928	6.085365853658536	7.560975609756097	1.9701492537313432	55.72192513368984	0.0	11.452702702702704	0.0	0.0	0.0	10.297297297297296	19.031645569620252	0.0	8.621468926553673	64.70618556701031	29.220338983050848	23.259887005649716	6.543589743589743	29.034825870646767	34.176829268292686	14.852112676056338	21.58974358974359	6.364779874213837	4.6318407960199	14.18407960199005	0.0	0.0	0.0	26.044776119402986	5.546666666666667	20.303482587064675	9.1	15.390977443609023	21.035714285714285	3.7337278106508878
S211_Ribosomal_S2_453105	100.0	Bacteria	Bacillota_C	Negativicutes	Acidaminococcales	Acidaminococcaceae	Phascolarctobacterium	None	0.0	0.0	0.0	0.0	0.0	0.0	0.0	0.0	16.566775244299674	11.715151515151515	0.0	11.240683229813664	0.0	0.0	0.0	0.0	0.0	0.0	0.0	0.0	0.0	0.0	0.0	0.0	1.844155844155844	0.0	4.615384615384615	20.3026706231454	0.0	0.0	0.0	0.0	0.0	0.0	0.0	0.0	0.0
S211_Ribosomal_S2_433140	100.0	Bacteria	Actinomycetota	Actinomycetia	Actinomycetales	Bifidobacteriaceae	Bifidobacterium	Bifidobacterium longum	0.0	0.0	30.29559748427673	48.865671641791046	27.294407894736842	749.7908689248895	144.71626297577853	217.21440261865794	84.68249258160238	105.49118046132972	5.871080139372823	62.92836257309941	0.0	0.0	0.0	0.0	14.534290271132376	5.231493943472409	2.1221719457013575	2.6720098643649814	33.11414790996785	16.08730158730159	46.88068181818182	23.09192546583851	19.706989247311828	199.5651491365777	17.915	38.37519142419602	112.2370990237099	0.0	0.0	0.0	0.0	7.292565947242206	5.083694083694084	1.6549935149156938	0.39069767441860465
S211_Ribosomal_S2_224762	99.2	Bacteria	Bacillota	Bacilli	Lactobacillales	Lactobacillaceae	Lactobacillus	Lactobacillus acidophilus	0.0	0.0	0.0	0.0	0.0	0.0	0.0	0.0	0.0	0.0	0.0	0.0	0.0	0.0	0.0	0.0	0.0	0.0	0.0	0.0	0.0	0.0	0.0	0.0	0.0	8.271214642262896	0.0	0.0	0.0	0.0	0.0	0.0	0.0	0.0	0.0	0.0	0.0
S211_Ribosomal_S2_7676	100.0	Bacteria	Bacillota_A	Clostridia	Oscillospirales	Ruminococcaceae	Gemmiger	None	0.0	0.0	82.19793205317578	59.829268292682926	25.70701754385965	1298.284860557769	0.0	205.74962742175856	181.02471169686984	133.3116883116883	119.56111111111112	198.04545454545453	181.3986111111111	171.08722741433021	63.94659300184162	80.23770491803279	37.78369905956113	7.517128874388255	58.850482315112544	39.22445561139028	59.58859784283513	43.075581395348834	92.74	68.73099415204679	138.50735294117646	0.8271604938271605	67.81832061068702	177.7483552631579	304.1660777385159	327.0610119047619	64.59515570934256	27.951289398280803	42.935374149659864	128.81010719754977	116.15	132.34952978056427	78.48956661316213
S211_Ribosomal_S2_76285	100.0	Bacteria	Actinomycetota	Actinomycetia	Actinomycetales	Bifidobacteriaceae	Bifidobacterium	None	0.0	0.0	22.4	12.049019607843137	7.733333333333333	166.4251968503937	23.47826086956522	46.253846153846155	18.265625	54.04237288135593	0.0	24.433070866141733	0.0	0.0	0.0	0.0	0.0	0.0	0.0	0.0	7.247058823529412	6.850574712643678	6.888888888888889	5.246153846153846	10.638095238095238	54.31967213114754	8.970873786407767	12.860655737704919	24.741573033707866	0.0	0.0	0.0	0.0	8.942622950819672	6.2	0.0	0.0
S211_Ribosomal_S2_181758	100.0	Bacteria	Bacillota_A	Clostridia	Oscillospirales	Ruminococcaceae	Ruminococcus_D	None	0.0	0.0	7.8175675675675675	0.0	0.0	0.0	0.0	0.0	15.670623145400594	100.20984455958549	20.10498687664042	67.38265306122449	0.0	0.0	0.0	0.0	9.37620578778135	0.8603603603603603	0.0	1.1576576576576576	0.0	0.0	0.0	0.0	8.02927927927928	0.0	1.364864864864865	0.0	0.0	0.0	8.732732732732734	0.02702702702702703	0.0	3.7627627627627627	4.801282051282051	0.0	0.0
S211_Ribosomal_S2_423935	99.4	Bacteria	Bacillota	Bacilli	RF39	UBA660	CAG-417	CAG-417 sp000432835	0.0	0.0	0.0	0.0	0.0	0.0	0.0	0.0	0.0	0.0	0.0	0.0	0.0	0.0	0.0	0.0	0.0	0.0	0.45134575569358176	0.0	0.0	0.0	0.0	0.0	0.979296066252588	2.158333333333333	2.142857142857143	0.0	0.0	0.0	0.0	0.0	0.0	0.0	0.0	0.0	0.0
