scg_name	percent_identity	t_domain	t_phylum	t_class	t_order	t_family	t_genus	t_species	NEG_UWTrinh_BS_0001_F05	NEG_UWTrinh_BS_0001_H05	S200_V00	S200_V11	S200_V22	S200_V33	S200_V44	S201_V00	S201_V11	S201_V22	S201_V33	S201_V44	S207_V0A	S207_V0B	S207_V2A	S207_V2B	S208_V0A	S208_V0B	S208_V2A	S208_V2B	S210_V0A	S210_V0B	S210_V1A	S210_V1B	S211_V00	S211_V11	S211_V22	S212_V00	S212_V11	S212_V22	S213_V00	S213_V11	S213_V22	S214_V0A	S214_V0B	S214_V2A	S214_V2B
S212_Ribosomal_S2_373248	100.0	Bacteria	Pseudomonadota	Gammaproteobacteria	Burkholderiales	Burkholderiaceae_A	Sutterella	Sutterella wadsworthensis_A	0.0	0.0	0.0	1.0895915678524375	0.0	0.0	0.0	0.0	0.0	0.0	0.0	0.0	0.0	1.6021080368906455	0.0	0.9176300578034682	3.3519108280254777	1.785243741765481	2.702239789196311	0.9562043795620438	1.1936758893280632	0.0	0.0	0.0	0.0	0.0	5.452861952861953	0.0	16.297507788161994	27.60131795716639	1.4623217922606924	3.330188679245283	3.3199233716475094	0.0	0.0	0.5810276679841897	0.0
S212_Ribosomal_S2_13836	97.2	Bacteria	Bacillota_C	Negativicutes	Veillonellales	Veillonellaceae	Veillonella	Veillonella sp018367495	0.0	0.0	0.0	0.0	0.0	0.0	0.0	0.0	0.0	0.0	0.0	0.0	0.0	0.0	0.0	0.0	0.0	0.0	0.0	0.0	0.0	0.0	0.0	0.0	0.0	0.0	0.0	0.0	7.133084577114428	0.0	0.0	0.0	0.0	0.0	0.0	0.0	0.0
S212_Ribosomal_S2_151569	100.0	Bacteria	Bacillota_A	Clostridia	Tissierellales	Peptoniphilaceae	Fenollaria	Fenollaria massiliensis	0.0	0.0	0.0	0.0	0.0	0.0	0.0	0.0	0.0	0.0	0.0	0.0	0.0	0.0	0.0	0.0	0.0	0.0	0.0	0.0	0.0	0.0	0.0	0.0	0.0	0.0	0.0	0.0	19.926724137931036	0.0	0.0	0.0	0.0	0.0	0.0	0.0	0.0
S212_Ribosomal_S2_320530	100.0	Bacteria	Bacillota_A	Clostridia	Lachnospirales	Lachnospiraceae	None	None	0.0	0.0	0.0	0.0	6.796747967479675	0.0	0.0	6.146341463414634	20.908163265306122	12.70873786407767	0.5853658536585366	16.211382113821138	8.67032967032967	16.16304347826087	5.357723577235772	7.390243902439025	5.747967479674797	0.7886178861788617	15.081632653061224	2.2764227642276422	13.655172413793103	8.549180327868852	40.43089430894309	17.739837398373982	0.0	7.923728813559322	0.975609756097561	1.4878048780487805	10.561797752808989	5.619565217391305	0.0	8.276422764227643	1.8455284552845528	7.357723577235772	16.794520547945204	3.989795918367347	1.875
S212_Ribosomal_S2_398868	100.0	Bacteria	Bacillota_A	Clostridia	Peptostreptococcales	Anaerovoracaceae	Fimisoma	Fimisoma sp017440275	0.0	0.0	0.0	0.0	0.0	0.0	0.0	0.0	0.0	0.0	0.0	0.0	0.0	0.15404040404040403	0.5416666666666666	0.0	0.0	0.0	0.351010101010101	0.0	0.0	0.0	0.0	0.14393939393939395	0.0	0.0	0.0	0.0	7.7859712230215825	0.0	0.0	0.0	0.0	0.0	0.0	0.1830808080808081	0.0
S212_Ribosomal_S2_256534	100.0	Bacteria	Bacillota_A	Clostridia	Lachnospirales	Lachnospiraceae	Limivivens	Limivivens sp900543575	0.0	0.0	1.52020202020202	14.763116057233704	13.298831385642737	5.06083650190114	0.0	8.380813953488373	2.736086175942549	9.387096774193548	2.937226277372263	9.4	38.66077738515901	43.70315398886827	21.450511945392492	22.36470588235294	3.5488850771869638	4.4746008708272855	15.538978494623656	12.963157894736842	28.45098039215686	17.472934472934472	10.414910858995137	15.498466257668712	14.902927580893683	6.254668930390492	16.223088923556944	5.781204111600587	11.762938230383973	25.03305785123967	6.302197802197802	19.290697674418606	1.6236559139784945	11.070763500931099	14.102605863192183	6.2414307004470935	1.9740820734341253
S212_Ribosomal_S2_1047	100.0	Bacteria	Bacillota_A	Clostridia	Lachnospirales	Lachnospiraceae	Eisenbergiella	None	0.0	0.0	6.127118644067797	3.774336283185841	11.014851485148515	0.0	33.18079096045198	0.5254237288135594	4.098522167487685	0.0	0.0	0.00847457627118644	58.42007434944238	41.57344632768361	3.9469026548672566	1.4639639639639639	27.36723163841808	8.558528428093645	33.88821752265861	9.134185303514377	17.43502824858757	11.357798165137615	9.55367231638418	8.788135593220339	27.15432098765432	0.864406779661017	8.319209039548022	10.203389830508474	6.318840579710145	4.019762845849803	33.91634980988593	48.00334448160535	1.4597156398104265	148.51136363636363	100.98884758364312	107.46122448979592	77.52542372881356
S212_Ribosomal_S2_16923	100.0	Bacteria	Bacillota_A	Clostridia	Lachnospirales	Lachnospiraceae	Blautia_A	Blautia_A wexlerae_B	0.0	0.0	96.02739726027397	71.02212389380531	38.49079754601227	541.5007112375533	230.07903780068727	387.66068222621186	94.13586097946288	340.3386396526773	204.87362637362637	535.08153078203	756.2397743300423	753.0739247311828	635.7653213751869	513.5014749262536	137.35763888888889	37.01766784452297	317.97990726429674	187.62597809076684	342.62709030100336	185.68202080237742	266.1792618629174	222.24378109452735	132.70365168539325	70.13229018492176	75.14352574102963	61.77335375191424	204.891846921797	250.91011235955057	133.29470672389127	25.797043010752688	26.403846153846153	176.06785714285715	118.77272727272727	149.43729372937293	37.333858267716536
S212_Ribosomal_S2_6172	100.0	Bacteria	Bacteroidota	Bacteroidia	Bacteroidales	Rikenellaceae	Alistipes_A	Alistipes_A ihumii	0.0	0.0	0.0	12.54054054054054	8.93800539083558	0.0	0.0	0.0	0.0	0.0	0.0	0.0	0.5403050108932462	0.0	0.0	0.0	0.0	0.0	0.0	0.0	1.766884531590414	0.0	6.056338028169014	0.0	0.0	3.997685185185185	8.015801354401805	10.666666666666666	0.0	0.023965141612200435	0.0	0.0	0.0	0.0	1.3224400871459694	1.2919389978213507	0.7189542483660131
S212_Ribosomal_S2_106529	100.0	Bacteria	None	None	None	None	None	None	0.0	0.0	1.171875	6.773828756058158	44.72659176029963	83.7248062015504	55.125	67.578231292517	14.14228187919463	100.22644376899696	6.8740031897926634	56.50597609561753	327.80058651026394	356.63081861958267	748.4568106312292	528.7540983606557	73.05696202531645	24.13644214162349	112.354943273906	75.63072378138848	262.3851174934726	131.42538354253836	655.899841017488	550.3520408163265	33.48316498316498	56.62618083670715	34.92618384401114	3.8359941944847606	83.1636060100167	18.535966149506347	0.0	0.0	0.0	2.89	0.0	1.309593023255814	0.0
S212_Ribosomal_S2_357923	100.0	Bacteria	Bacillota_A	Clostridia	Lachnospirales	Lachnospiraceae	Bariatricus	None	0.0	0.0	26.323630136986303	29.052464228934817	5.684931506849315	1.950268817204301	123.04663212435233	0.0	3.232715008431703	2.734567901234568	21.658602150537636	55.51907356948229	187.4090909090909	152.5650929899857	113.77349768875193	115.94290657439447	30.22503516174402	8.226519337016574	114.03908355795149	66.17514970059881	160.72591362126246	90.91363636363636	139.31786941580756	116.0256064690027	45.03314121037464	21.471774193548388	42.978886756238005	11.464506172839506	44.067880794701985	35.63166953528399	26.709779179810724	20.64790996784566	10.529411764705882	88.44636678200692	86.50403225806451	81.2064	20.618279569892472
S212_Ribosomal_S2_23075	100.0	Bacteria	Bacillota_A	Clostridia	Oscillospirales	Ruminococcaceae	Faecalibacterium	None	0.0	0.0	9.907630522088354	75.34322033898304	16.40495867768595	0.6130268199233716	250.99616858237547	33.84541062801932	51.23834196891192	91.23931623931624	7.994186046511628	41.08791208791209	33.794466403162055	20.03448275862069	50.26819923371647	47.226851851851855	46.96511627906977	18.34865900383142	39.99090909090909	25.05263157894737	24.75095785440613	14.360153256704981	10.868217054263566	8.413636363636364	22.20689655172414	2.3911290322580645	59.95544554455446	41.92468619246862	18.60919540229885	39.11494252873563	85.49090909090908	5.059071729957806	5.401069518716578	1.4904214559386972	12.647509578544062	18.252747252747252	9.647773279352228
S212_Ribosomal_S2_205350	100.0	Bacteria	Bacillota_C	Negativicutes	Veillonellales	Dialisteraceae	Dialister	Dialister sp002320515	0.0	0.0	0.0	0.0	0.0	0.0	0.0	0.0	0.0	0.0	0.0	0.0	0.0	0.0	0.0	0.0	0.0	0.0	0.0	0.34988713318284426	0.0	0.0	0.0	1.7581573896353166	0.0	0.0	0.0	0.0	200.67076923076922	298.98910081743867	0.0	0.0	0.0	0.0	0.0	0.0	0.0
S212_Ribosomal_S2_298534	100.0	Bacteria	Bacillota_A	Clostridia	Lachnospirales	Lachnospiraceae	Agathobacter	None	0.0	0.0	0.18792866941015088	0.0	0.0	0.0	238.302034428795	84.57412790697674	163.62198795180723	47.596774193548384	37.940850277264325	261.35901386748844	125.44049459041732	135.74889217134415	126.23391812865498	152.78998609179416	48.72274143302181	18.731012658227847	163.584142394822	106.12606473594549	10.908959537572255	6.894854586129754	202.33193863319386	173.7914951989026	19.32902298850575	202.3562610229277	102.19439579684763	5.64935064935065	5.6351084812623276	193.38372093023256	24.984848484848484	64.63786008230453	57.28285714285714	16.623036649214658	13.116724738675957	56.81147540983606	19.019685039370078
S212_Ribosomal_S2_313394	100.0	Bacteria	Bacillota_A	Clostridia	Lachnospirales	Lachnospiraceae	Anaerobutyricum	None	0.0	0.0	8.220367278797996	8.942622950819672	5.486322188449848	478.74718196457326	14.129952456418383	55.063520871143375	8.962450592885375	49.65620542082739	16.64624505928854	85.48595505617978	138.50791139240508	124.12978369384359	59.60967741935484	72.52704576976421	30.258169934640524	12.201663201663202	119.09836065573771	84.13578274760384	72.45441389290883	34.51264755480607	97.80279232111693	100.69932432432432	27.913194444444443	67.20516717325228	71.53481481481481	14.973837209302326	88.83653846153847	88.69269102990033	17.221311475409838	23.34966216216216	5.160862354892205	75.78668941979522	50.16120218579235	62.984591679506934	7.919839679358717
S212_Ribosomal_S2_300085	98.6	Bacteria	Bacillota_A	Clostridia	Tissierellales	Peptoniphilaceae	Peptoniphilus_A	None	0.0	0.0	0.0	0.0	0.0	9.733812949640289	0.0	0.0	0.0	0.0	0.0	0.0	0.0	0.0	0.0	0.0	0.0	0.0	0.0	0.0	0.0	0.0	0.0	0.0	0.0	0.0	0.0	0.0	34.22539682539683	0.0	0.0	0.0	0.0	0.0	0.0	0.0	0.0
S212_Ribosomal_S2_5182	100.0	Bacteria	Bacillota_A	Clostridia	Oscillospirales	Ruminococcaceae	Gemmiger	None	0.0	0.0	60.0	66.38095238095238	23.39563862928349	1064.9859550561798	0.0	198.01408450704224	175.7703081232493	103.6413612565445	88.21854304635761	173.35691318327974	129.6047197640118	128.37417218543047	45.88423645320197	34.678100263852244	28.858744394618835	13.076487252124647	42.36857142857143	25.821529745042493	59.862637362637365	38.63896103896104	87.3211009174312	66.46975088967972	107.44783715012723	7.352941176470588	59.0325	117.03521126760563	215.4253164556962	255.61744966442953	51.58205128205128	26.227040816326532	29.953161592505854	96.31901840490798	64.66225165562913	97.5641646489104	55.72492836676218
S212_Ribosomal_S2_252995	100.0	Bacteria	Bacteroidota	Bacteroidia	Bacteroidales	Bacteroidaceae	Prevotella	None	0.0	0.0	80.99860529986053	510.27303182579567	259.96276595744683	0.0	0.0	0.0	0.0	0.0	0.0	0.0	159.4796875	154.66831683168317	77.25386996904025	131.01408450704224	1272.876056338028	632.1461988304094	159.49724517906336	116.78221415607986	231.64203612479474	120.36619718309859	286.80392156862746	399.71884057971016	198.4701601164483	34.19484240687679	279.9823529411765	174.01963534361852	211.60267857142858	650.074074074074	15.092088197146563	5.756267409470752	7.0425963488843815	17.30350194552529	5.321969696969697	301.49142857142857	115.99057873485869
S212_Ribosomal_S2_231493	100.0	Bacteria	Bacteroidota	Bacteroidia	Bacteroidales	Rikenellaceae	Alistipes_A	Alistipes_A indistinctus	0.0	0.0	0.0	8.919558359621451	10.769805680119582	0.0	0.0	0.0	0.0	0.0	0.0	0.0	0.0	0.0	0.0	0.0	0.0	0.0	0.0	0.0	0.0	0.0	0.0	0.0	9.622489959839358	31.88858695652174	31.72584541062802	4.628851540616247	3.9367816091954024	0.0	0.0	0.0	0.0	2.3185530921820305	0.0	2.4114942528735632	0.0
S212_Ribosomal_S2_133704	100.0	Bacteria	Bacillota_A	Clostridia	Lachnospirales	Lachnospiraceae	Dorea_A	Dorea_A longicatena	0.0	0.0	30.83888888888889	15.964757709251101	22.917963224893917	2.602981029810298	71.61174551386623	267.05316091954023	49.0814332247557	66.60211800302572	62.36644951140065	112.52724594992637	278.10283687943263	215.56062767475035	235.35763888888889	228.03685092127304	108.93396226415095	26.92332789559543	150.65472779369628	97.40985915492958	157.2120786516854	72.57123098201936	325.2710743801653	213.74246987951807	62.26575342465753	45.437209302325584	118.55156950672645	18.261712439418417	188.11946902654867	144.80811232449298	24.183431952662723	67.06540447504302	12.199445983379501	149.16006600660066	133.47831978319783	113.06552262090483	27.175271739130434
S212_Ribosomal_S2_336460	100.0	Bacteria	None	None	None	None	None	None	0.0	0.0	136.01829268292684	120.63146551724138	264.94674556213016	0.0	54.6551724137931	167.12433862433863	87.2797619047619	201.33056133056132	88.71005917159763	191.6232741617357	213.11332007952285	216.95857988165682	103.81262327416174	125.49112426035504	193.11311053984576	77.91518737672584	305.14398422090727	246.0966469428008	330.0591715976331	227.00394477317553	210.6508875739645	172.37475345167653	195.65057471264367	56.74	122.95632183908046	79.27586206896552	228.04008438818565	229.0276134122288	191.2189349112426	96.70178926441352	53.413518886679924	138.56410256410257	172.0276134122288	88.465483234714	62.104536489151876
S212_Ribosomal_S2_29266	99.6	Bacteria	Bacillota_A	Clostridia	Lachnospirales	Lachnospiraceae	Roseburia	None	0.0	0.0	4.324492979719189	0.0	2.0454545454545454	0.0	218.8259325044405	97.79962546816479	20.423290203327173	30.836021505376344	10.972602739726028	66.39329268292683	42.59342915811088	39.59139784946237	46.875	47.44925575101489	17.803763440860216	2.51158940397351	86.60420315236428	45.0364500792393	59.32835820895522	25.193776520509193	43.2192	17.5497311827957	15.007668711656441	0.9294532627865961	10.007692307692308	7.301247771836007	21.17562724014337	19.11962365591398	1.224283305227656	0.8939393939393939	2.0472175379426645	26.070032573289904	14.688760806916427	17.06694560669456	5.764784946236559
S212_Ribosomal_S2_129619	100.0	Bacteria	Bacillota_A	Clostridia	Clostridiales	Clostridiaceae	Clostridium	Clostridium sp000435835	0.0	0.0	0.0	0.0	0.0	0.0	0.0	65.43607305936074	3.828767123287671	0.0	1.321917808219178	0.0	0.0	0.0	0.0	0.0	15.914841849148418	1.7716894977168949	25.27853881278539	9.617948717948718	35.773972602739725	12.127946127946128	17.73972602739726	7.687214611872146	0.0	0.3105022831050228	1.4105263157894736	0.0	0.0	6.662538699690402	0.0	0.0	0.0	22.979166666666668	10.531963470319635	4.938356164383562	0.0
S212_Ribosomal_S2_251991	100.0	Bacteria	Actinomycetota	Actinomycetia	Actinomycetales	Bifidobacteriaceae	Bifidobacterium	Bifidobacterium kashiwanohense_A	0.0	0.0	0.0	87.27525622254758	37.12958115183246	792.4667630057803	175.35416666666666	255.8358413132695	63.865650969529085	88.05194805194805	6.882917466410748	173.85	31.613138686131386	37.25265957446808	28.040518638573744	21.193766937669377	29.881305637982194	18.75153374233129	5.321483771251932	3.6358620689655172	0.7282229965156795	0.0	10.683976261127597	12.055408970976254	52.733333333333334	937.8473154362416	107.47685834502104	62.84129429892142	373.0744849445325	542.7220812182741	21.589527027027028	41.14324693042292	0.6422487223168655	2.8817005545286505	2.4734982332155475	4.051236749116608	6.584229390681004
S212_Ribosomal_S2_296024	100.0	Bacteria	Bacillota_A	Clostridia	Oscillospirales	Ruminococcaceae	UBA1394	UBA1394 sp900538575	0.0	0.0	0.0	0.0	0.0	0.0	0.0	0.0	0.0	2.5622489959839356	0.0	3.1164658634538154	1.5542168674698795	2.791164658634538	0.0	0.0	0.5823293172690763	0.0	0.0	0.0	0.0	0.0	0.0	0.0	0.0	0.0	0.0	36.97235023041475	11.496875	0.0	0.0	0.0	0.0	0.0	0.5903614457831325	2.353413654618474	0.0
S212_Ribosomal_S2_79448	100.0	Bacteria	Bacillota_A	Clostridia	Oscillospirales	Oscillospiraceae	Dysosmobacter	Dysosmobacter sp900544105	0.0	0.0	0.0	12.114583333333334	0.0	0.0	0.0	0.0	0.0	0.0	0.0	0.0	2.4479166666666665	0.9635416666666666	0.0	0.0	5.46875	1.7864583333333333	0.0	0.0	1.837837837837838	2.90625	2.1405405405405404	1.4172185430463575	18.176795580110497	2.96875	34.109375	27.1	0.0	9.630208333333334	51.44444444444444	9.151041666666666	0.8715596330275229	7.90625	7.039370078740157	2.0225563909774436	2.4652777777777777
S212_Ribosomal_S2_218716	100.0	Bacteria	Bacillota_A	Clostridia	Lachnospirales	Lachnospiraceae	RUG14243	RUG14243 sp905236735	0.0	0.0	0.0	8.112994350282486	0.0	40.855932203389834	11.63276836158192	7.463276836158192	0.0	0.0	4.141242937853107	5.011299435028248	3.367231638418079	8.093333333333334	3.288135593220339	0.0	0.0	0.0	8.361581920903955	7.9491525423728815	3.943502824858757	9.07909604519774	0.0	7.548022598870056	0.0	0.0	0.0	4.917241379310345	10.451923076923077	7.335664335664336	0.0	2.6666666666666665	0.0	0.0	0.0	0.0	0.0
S212_Ribosomal_S2_180830	100.0	Bacteria	Bacillota_A	Clostridia	UBA1381	UBA1381	CAG-41	CAG-41 sp900066215	0.0	0.0	6.11900826446281	2.2399425287356323	4.3558558558558556	0.0	15.669254658385093	52.57021996615905	25.775665399239543	0.4878048780487805	12.449175824175825	259.09223300970876	11.596119929453263	13.027737226277372	27.046017699115044	21.902027027027028	10.113309352517986	0.8224932249322493	9.996598639455783	6.109489051094891	13.922659430122117	2.9913916786226684	24.128022759601706	16.020793950850663	5.432216905901116	5.963478260869565	16.638239339752406	0.0	8.837243401759531	4.887737478411053	3.1757469244288226	7.665191740412979	0.0	16.583732057416267	13.4579945799458	14.778929188255614	2.0636856368563685
S212_Ribosomal_S2_230497	99.2	Bacteria	Bacillota_A	Clostridia	Oscillospirales	Acutalibacteraceae	Fimenecus	Fimenecus sp000432435	0.0	0.0	0.0	26.06990291262136	16.84570596797671	0.0	0.0	0.0	0.0	0.0	0.0	0.0	1.8887303851640513	0.0	6.988005997001499	13.044642857142858	64.441091954023	36.184387617765815	102.72714285714285	46.71146953405018	15.485232067510548	16.8412213740458	143.2034976152623	100.18870523415978	81.64643399089529	71.00601202404809	113.29915730337079	5.660839160839161	41.84639498432602	32.934891485809686	29.891485809682806	65.84543010752688	18.112068965517242	0.0	0.0	0.0	0.0
S212_Ribosomal_S2_102498	100.0	Bacteria	Bacillota_A	Clostridia	Lachnospirales	Lachnospiraceae	Agathobacter	Agathobacter rectalis	0.0	0.0	164.71753246753246	49.407518796992484	22.380378657487093	2.1260364842454393	848.6902654867257	126.54574638844302	83.9437148217636	486.13381555153705	234.1846405228758	523.5224550898204	401.4097421203438	374.4019471488178	488.40909090909093	777.9707520891365	457.2398884239888	155.14779874213838	441.86687797147385	301.86656200941917	218.59420289855072	115.62337662337663	173.58681672025725	158.72677595628414	196.79969650986342	318.3215258855586	171.84549356223175	121.74566473988439	785.466966966967	1164.2093023255813	54.43505477308294	138.82291666666666	89.83333333333333	33.61262553802008	24.31711409395973	289.6334913112164	93.42405063291139
S212_Ribosomal_S2_378468	95.2	Bacteria	Bacillota_A	Clostridia	Christensenellales	CAG-74	Fimadaptatus	Fimadaptatus faecigallinarum	0.0	0.0	1.931547619047619	0.0	0.0	0.0	0.0	0.0	0.0	0.0	0.0	0.0	13.681547619047619	10.78989898989899	7.885350318471337	7.853813559322034	4.970099667774086	0.685251798561151	1.6209850107066381	0.8052930056710775	2.0875763747454177	1.6497975708502024	5.068493150684931	5.960207612456747	1.474702380952381	2.1547619047619047	3.27765726681128	8.787202380952381	1.1101190476190477	8.430255402750491	7.223404255319149	9.416974169741698	2.9734345351043645	8.803536345776031	0.0	9.361359570661897	0.7068273092369478
S212_Ribosomal_S2_54374	100.0	Bacteria	Bacteroidota	Bacteroidia	Bacteroidales	Bacteroidaceae	Prevotella	Prevotella corporis	0.0	0.0	0.0	0.0	0.0	0.0	0.0	0.0	0.0	0.0	0.0	0.0	0.0	0.0	0.0	0.0	0.0	0.0	0.0	0.0	0.0	0.0	0.0	0.0	0.0	0.0	0.0	0.0	4.327683615819209	0.0	0.0	0.0	0.0	0.0	0.0	0.0	0.0
S212_Ribosomal_S2_64103	99.5	Bacteria	Bacillota_A	Clostridia	Oscillospirales	Ruminococcaceae	Ruminiclostridium_E	None	0.0	0.0	0.0	0.0	0.0	0.0	18.304	0.0	0.0	0.0	0.0	0.0	0.0	0.0	0.0	0.0	0.0	0.0	0.0	0.0	0.0	0.0	0.0	0.0	10.5	41.01106194690266	27.714532871972317	15.963076923076922	0.0	0.0	0.0	2.2072368421052633	3.1758241758241756	27.272540983606557	9.216101694915254	72.53832116788321	8.217712177121772
S212_Ribosomal_S2_125033	100.0	Bacteria	Actinomycetota	Actinomycetia	Actinomycetales	Bifidobacteriaceae	Bifidobacterium	Bifidobacterium bifidum	0.0	0.0	0.0	66.08625730994152	252.5729984301413	244.1511423550088	0.0	0.0	0.0	0.0	0.0	0.0	0.0	0.0	0.0	0.0	0.0	0.0	0.0	0.0	0.0	0.0	0.0	0.0	0.0	362.61233480176213	191.6253687315634	0.0	0.0	259.47017045454544	0.0	0.0	0.0	0.0	0.0	0.0	0.0
S212_Ribosomal_S2_344172	100.0	Bacteria	Bacillota_A	Clostridia	Lachnospirales	Lachnospiraceae	Dorea	Dorea formicigenerans	0.0	0.0	3.3952802359882006	9.280431432973806	7.089333333333333	0.0	5.194852941176471	230.07460317460317	31.12792511700468	46.00438596491228	39.201626016260164	114.24367088607595	63.291536050156736	55.648475120385235	136.63082437275986	93.4573502722323	26.844	10.206666666666667	68.34156976744185	47.53901734104046	44.32420091324201	16.23654159869494	38.47953216374269	44.916438356164385	14.606653620352251	16.505	21.066011235955056	5.683266932270916	37.603719599427755	36.15614617940199	14.078048780487805	13.391812865497077	4.991525423728813	26.361842105263158	35.11613876319759	18.581903276131044	2.4190317195325544
S212_Ribosomal_S2_233075	100.0	Bacteria	Bacillota_A	Clostridia	Oscillospirales	Butyricicoccaceae	Agathobaculum	Agathobaculum sp934504345	0.0	0.0	84.95423728813559	23.768595041322314	8.489291598023064	0.0	80.43014705882354	91.74712643678161	50.9266862170088	24.738539898132426	51.07120743034056	61.86143572621035	29.903654485049834	26.8422131147541	2.3112947658402203	2.5346534653465347	23.97962648556876	6.977848101265823	27.494978479196558	18.58307210031348	41.01381692573403	31.085072231139648	56.74809160305343	46.29017857142857	12.489731437598737	12.270348837209303	23.35034013605442	60.6310861423221	51.101246105919	62.7973174366617	34.95970149253731	34.3312101910828	39.677471636953	30.470967741935485	29.707927677329625	9.487644151565075	10.392351274787535
S212_Ribosomal_S2_33910	100.0	Bacteria	Bacillota_A	Clostridia	Oscillospirales	Oscillospiraceae	Vescimonas	Vescimonas coprocola	0.0	0.0	0.0	12.9	0.0	0.0	19.616438356164384	0.0	3.8828828828828827	6.32579185520362	0.0	0.0	4.36036036036036	1.3738738738738738	0.0	0.0	17.980861244019138	5.461038961038961	4.63063063063063	15.225165562913908	0.0	12.882716049382717	0.0	0.0	33.94193548387097	0.0	12.954545454545455	8.813664596273291	0.0	16.377142857142857	48.490990990990994	12.6651376146789	14.891891891891891	28.39664804469274	17.318181818181817	10.91304347826087	6.256983240223463
S212_Ribosomal_S2_3706	99.6	Bacteria	Bacillota_A	Clostridia	Oscillospirales	Acutalibacteraceae	Clostridium_A	Clostridium_A leptum	0.0	0.0	1.1422845691382766	0.0	0.0	0.0	1.7817938420348058	0.0	0.0	0.0	0.0	0.0	2.9592696629213484	6.073873873873874	0.0	0.0	0.0	0.0	1.5890227576974565	0.0	0.0	0.7884872824631861	0.10575635876840696	0.8955823293172691	3.1415797317436662	0.0	2.5436241610738257	18.399122807017545	17.853932584269664	0.0	8.040229885057471	91.5625	0.0	25.712538226299696	24.371134020618555	15.34634974533107	11.190825688073394
S212_Ribosomal_S2_109182	100.0	Bacteria	Bacillota_A	Clostridia	Lachnospirales	Lachnospiraceae	Anaerostipes	None	0.0	0.0	16.7731673582296	19.8272884283247	1.4697754749568221	371.5404475043029	69.36629526462396	95.97780859916782	24.244615384615386	107.47426981919332	10.874432677760968	222.9607250755287	99.93087557603687	94.50392464678178	18.53323029366306	26.948247078464107	32.75407166123779	4.41852487135506	24.91860465116279	26.590219224283306	39.30804248861912	15.943283582089553	53.04948805460751	46.62049062049062	26.494773519163765	104.04975922953452	109.77917981072555	4.5892307692307694	110.55228758169935	204.348031496063	15.709401709401709	20.057199211045365	5.942275042444821	55.70182555780933	47.472673559822745	71.14860681114551	7.848275862068966
S212_Ribosomal_S2_233610	100.0	Bacteria	Actinomycetota	Coriobacteriia	Coriobacteriales	Eggerthellaceae	Slackia_A	None	0.0	0.0	9.795522388059702	0.0	0.0	0.0	0.0	0.0	0.0	0.0	0.0	0.0	0.0	0.0	0.0	0.0	0.0	0.0	0.0	0.0	0.0	0.0	0.0	0.0	0.0	0.0	0.0	12.089665653495441	6.1245847176079735	9.090121317157712	3.6355555555555554	3.8601307189542484	1.033112582781457	0.0	0.0	0.0	0.0
S212_Ribosomal_S2_332939	100.0	Bacteria	Pseudomonadota	Gammaproteobacteria	Burkholderiales	Burkholderiaceae_A	Parasutterella	None	0.0	0.0	0.0	9.348484848484848	0.0	0.0	0.0	0.0	0.0	0.0	0.0	0.0	0.0	0.0	0.0	0.0	0.0	0.0	0.0	0.0	0.0	0.0	0.0	0.0	5.732283464566929	0.0	0.0	0.0	3.340909090909091	0.0	0.0	0.0	0.0	0.0	0.0	1.6534653465346534	0.0
S212_Ribosomal_S2_38028	100.0	Bacteria	Bacteroidota	Bacteroidia	Bacteroidales	Bacteroidaceae	Phocaeicola	None	0.0	0.0	8.152777777777779	70.14808652246256	32.193929173693085	0.8378870673952641	322.48770491803276	274.3092105263158	215.9669260700389	206.67843137254903	20.88330341113106	214.17690875232773	17.57884231536926	8.647469458987784	2.7941176470588234	14.643776824034335	4.029315960912052	1.1526104417670682	4.200617283950617	0.9658273381294964	72.0671506352087	39.351027397260275	33.916666666666664	14.027777777777779	32.52121212121212	13.242811501597444	76.80670611439842	26.95505617977528	49.3448275862069	73.6952380952381	27.434589800443458	3.689814814814815	0.0	15.515217391304347	6.163967611336032	27.887254901960784	5.31013916500994
S212_Ribosomal_S2_3220	100.0	Bacteria	Bacillota_A	Clostridia	Lachnospirales	Lachnospiraceae	Hominisplanchenecus	None	0.0	0.0	11.234347048300537	0.0	0.0	0.0	103.86435786435787	195.30308219178082	53.735690235690235	171.30550918196994	69.52420470262794	186.79467680608366	27.149253731343283	17.115173674588664	15.90783410138249	21.111975116640746	3.832179930795848	2.8081632653061224	16.787650602409638	5.125490196078432	18.013412816691506	12.468027210884355	0.0	0.9948630136986302	41.375178316690445	1.8979591836734695	3.6257225433526012	28.043413173652695	70.95295902883156	19.98095238095238	2.0131826741996233	3.017699115044248	3.691156462585034	13.05940594059406	9.84129213483146	8.321243523316062	5.275204359673024
S212_Ribosomal_S2_11423	100.0	Bacteria	Bacillota_A	Clostridia	Christensenellales	CAG-74	None	None	0.0	0.0	0.0	0.0	0.0	0.0	0.0	0.0	0.0	0.0	0.0	0.0	12.923809523809524	6.430769230769231	6.444444444444445	1.3333333333333333	1.2095238095238094	0.2571428571428571	7.8133333333333335	5.857142857142857	1.5142857142857142	1.2359550561797752	4.776595744680851	9.714285714285714	0.6476190476190476	2.0952380952380953	6.466666666666667	0.0761904761904762	1.6571428571428573	3.9047619047619047	4.8	4.428571428571429	0.0	3.0865384615384617	0.2571428571428571	1.8476190476190477	0.0
S212_Ribosomal_S2_381089	100.0	Bacteria	Actinomycetota	Coriobacteriia	Coriobacteriales	Eggerthellaceae	Adlercreutzia	Adlercreutzia equolifaciens	0.0	0.0	1.9972375690607735	3.219941348973607	5.888888888888889	1.8010204081632653	6.774114774114774	17.120218579234972	22.296343001261032	32.205722070844686	9.748125937031483	10.300556586270872	13.423687423687424	1.466950959488273	2.251264755480607	1.5252918287937742	0.9218559218559218	0.47754491017964074	2.064462809917355	1.6551226551226552	13.570951585976628	11.477495107632095	5.412225705329154	8.775193798449612	30.29367469879518	15.635862068965517	14.46481178396072	17.472340425531915	8.314171122994653	7.112332112332112	10.837606837606838	16.244200244200243	9.31094890510949	41.38331160365059	29.613915416098227	23.7008	8.716727716727716
S212_Ribosomal_S2_321699	100.0	Bacteria	Bacillota_A	Clostridia	Tissierellales	Peptoniphilaceae	Peptoniphilus_C	Peptoniphilus_C sp943913915	0.0	0.0	0.0	0.0	0.0	0.0	0.0	0.0	0.0	0.0	0.0	0.0	0.0	0.0	0.0	0.0	0.0	0.0	0.0	0.0	0.0	0.0	0.0	0.0	0.0	0.0	0.0	0.0	20.81765557163531	0.0	0.0	0.0	0.0	0.0	0.0	0.0	0.0
S212_Ribosomal_S2_86182	99.6	Bacteria	Bacteroidota	Bacteroidia	Bacteroidales	Rikenellaceae	Alistipes	Alistipes putredinis	0.0	0.0	4.657734470158344	0.5791433891992551	157.24061196105703	1.7012448132780082	16.544570502431117	0.0	0.0	0.0	0.0	0.0	0.7816411682892906	0.8381344307270233	0.0	0.0	1.2700156985871272	1.1971830985915493	0.0	0.0	130.88679245283018	87.95297372060857	136.67044025157233	113.94366197183099	6.51010101010101	1.4764795144157814	4.294697903822441	133.93689986282578	38.464240903387704	45.20937042459737	0.3713163064833006	0.0	0.0	18.28105590062112	14.320422535211268	48.74116161616162	25.50588235294118
S212_Ribosomal_S2_218791	100.0	Bacteria	Bacteroidota	Bacteroidia	Bacteroidales	Rikenellaceae	Alistipes	Alistipes shahii	0.0	0.0	0.0	74.16778523489933	96.26704545454545	0.0	0.0	0.0	11.81359223300971	8.318944844124701	0.0	1.0774410774410774	12.714285714285714	6.799663299663299	0.0	6.353365384615385	6.124197002141328	7.320641282565131	1.088135593220339	6.354285714285714	89.90254237288136	71.3172268907563	37.5626423690205	25.613508442776734	25.75145631067961	38.66968325791855	36.53740157480315	34.34128878281623	4.303867403314917	2.91254752851711	45.47957371225577	21.43392857142857	8.946127946127946	19.627946127946128	9.067761806981519	48.90625	9.878504672897197
S212_Ribosomal_S2_387756	100.0	Bacteria	Bacillota_A	Clostridia	Lachnospirales	Lachnospiraceae	Blautia_A	None	0.0	0.0	7.931034482758621	1.253968253968254	0.46825396825396826	114.83240223463687	98.70873786407768	83.22346368715084	59.07446808510638	61.271186440677965	99.53645833333333	58.31718061674009	22.57894736842105	50.853658536585364	45.263829787234044	52.867924528301884	14.25	12.418181818181818	34.08866995073892	45.0233918128655	38.94972067039106	8.833333333333334	59.54945054945055	26.220095693779903	38.06349206349206	24.155172413793103	38.59405940594059	0.0	8.764150943396226	14.488095238095237	24.25793650793651	20.07906976744186	3.753968253968254	50.734883720930235	69.44444444444444	43.221739130434784	6.448412698412699
S212_Ribosomal_S2_289465	100.0	Bacteria	Bacillota	Bacilli	Erysipelotrichales	Coprobacillaceae	Faecalibacillus	Faecalibacillus intestinalis	0.0	0.0	0.9147286821705426	3.7988505747126435	0.0	50.61234567901234	0.0	62.182291666666664	0.0	25.44360902255639	5.69873417721519	45.28641975308642	14.069444444444445	37.81666666666667	13.178988326848248	11.086614173228346	1.491358024691358	0.0	4.802158273381295	1.4081632653061225	0.0	2.197530864197531	1.3043478260869565	0.0	5.997512437810945	8.508641975308642	3.965432098765432	0.0	7.441926345609065	3.0393700787401574	2.474074074074074	0.0	0.0	8.187878787878788	9.540740740740741	17.271523178807946	0.0
S212_Ribosomal_S2_147647	100.0	Bacteria	Bacillota_A	Clostridia	Lachnospirales	Lachnospiraceae	Blautia_A	Blautia_A sp900066205	0.0	0.0	64.7748447204969	40.60225442834138	48.698727015558696	15.052837573385519	155.84509202453987	439.99701937406854	150.07578008915306	228.10708898944193	176.02861035422345	371.93948562783663	311.52972972972975	255.02654867256638	146.14136904761904	140.2578947368421	106.8562197092084	29.705685618729095	186.47555555555556	122.59327731092436	173.14076246334312	83.49621785173979	338.7185185185185	278.03035143769966	49.84908536585366	192.0	185.23088923556944	50.651881720430104	237.65633423180594	189.4526515151515	33.94654088050314	83.03703703703704	14.640915593705293	125.51805555555555	102.90456989247312	57.75168690958164	19.650887573964496
S212_Ribosomal_S2_392895	99.4	Bacteria	Bacteroidota	Bacteroidia	Bacteroidales	Marinifilaceae	Odoribacter	Odoribacter splanchnicus	0.0	0.0	0.0	5.300884955752212	1.474	0.0	0.0	0.0	0.0	0.0	0.0	0.0	1.4292035398230087	0.0	0.0	1.0742659758203799	3.8086124401913874	5.924924924924925	0.0	0.0	10.578220858895705	1.1177570093457945	0.0	4.583208395802099	2.774134790528233	0.8115671641791045	13.43040293040293	6.005415162454874	1.5893939393939394	0.0	2.2693548387096776	0.6224188790560472	0.4424778761061947	0.0	0.0	1.1622418879056047	0.0
S212_Ribosomal_S2_242374	99.6	Bacteria	Bacillota_C	Negativicutes	Acidaminococcales	Acidaminococcaceae	Phascolarctobacterium	None	0.0	0.0	0.0	0.0	0.0	0.0	0.0	0.0	19.227941176470587	11.48559670781893	0.0	11.441640378548897	0.0	0.0	0.0	0.0	0.0	0.0	0.0	0.0	0.0	0.0	0.0	0.0	2.5298126064735946	0.0	4.411405295315682	20.71364985163205	0.0	0.0	0.0	0.0	0.0	0.0	0.0	0.0	0.0
S212_Ribosomal_S2_97478	100.0	Bacteria	Desulfobacterota	Desulfovibrionia	Desulfovibrionales	Desulfovibrionaceae	None	None	0.0	0.0	0.0	0.0	0.0	0.0	0.0	0.0	0.0	0.0	0.0	0.0	0.6737588652482269	1.0174603174603174	0.0	0.0	37.03602058319039	18.31058495821727	42.53772290809328	24.97269624573379	0.0	0.0	0.0	0.0	0.7504	0.0	0.0	23.100470957613815	9.38795518207283	18.323353293413174	2.154345006485084	0.0	0.0	0.0	0.0	0.0	0.0
S212_Ribosomal_S2_263366	100.0	Bacteria	Bacillota_A	Clostridia	Oscillospirales	Oscillospiraceae	CAG-103	CAG-103 sp000432375	0.0	0.0	0.6493738819320215	0.0	0.0	0.0	0.0	1.5645933014354068	19.116901408450705	28.228611500701263	12.84367816091954	23.4390243902439	2.1441241685144123	1.909375	1.2583333333333333	0.0	27.168055555555554	1.7238658777120315	21.533980582524272	21.69710806697108	0.0	0.0	2.6319444444444446	0.0	0.0	0.0	0.0	88.17664670658682	9.131487889273357	17.272321428571427	30.00656814449918	13.233486943164362	0.39080459770114945	33.588582677165356	35.63205828779599	53.453957996768985	34.59463986599665
S212_Ribosomal_S2_376523	100.0	Bacteria	Bacillota_A	Clostridia	Oscillospirales	Acutalibacteraceae	Ruminococcus_E	None	0.0	0.0	0.9809523809523809	10.457142857142857	23.16734693877551	0.0	728.0905923344948	0.0	0.0	0.0	85.31661891117479	0.0	79.70124481327801	76.43722304283604	22.59455782312925	50.00952380952381	5.679710144927537	1.8448979591836734	2.8747913188647747	2.0344827586206895	40.86220472440945	10.389728096676738	0.0	0.0	65.04625850340136	212.2340136054422	130.31972789115648	9.863945578231293	0.0	45.532710280373834	44.90045941807045	1.1142857142857143	6.438356164383562	490.9959183673469	353.14013605442176	183.67755102040817	29.634648370497427
S212_Ribosomal_S2_361677	97.5	Bacteria	Bacillota_A	Clostridia	Oscillospirales	Ruminococcaceae	Gemmiger	Gemmiger sp934561205	0.0	0.0	59.69263157894737	50.690366972477065	25.23224043715847	1352.3211488250652	0.0	177.04347826086956	149.5521582733813	120.66666666666667	100.75266903914591	204.23720930232557	169.03535353535352	152.14864864864865	77.76286764705883	94.45406360424029	64.46413502109705	11.79108635097493	86.73289183222958	63.098501070663815	95.20094562647755	56.8247191011236	109.00889679715303	73.80321285140562	162.24017467248908	4.465116279069767	78.85714285714286	146.30526315789473	246.33508771929826	258.601083032491	79.8581560283688	29.634361233480178	47.753246753246756	133.0582329317269	127.63136456211812	122.67713787085515	70.66003316749585
S212_Ribosomal_S2_229584	100.0	Bacteria	Actinomycetota	Actinomycetia	Actinomycetales	Bifidobacteriaceae	Bifidobacterium	None	0.0	0.0	160.76271186440678	1.5875706214689265	109.36363636363636	139.72121212121212	19.853107344632768	71.71751412429379	37.48823529411764	73.87878787878788	217.64406779661016	110.1534090909091	11.493150684931507	6.873134328358209	13.4140625	6.497175141242938	7.606451612903226	8.176470588235293	4.97887323943662	12.305882352941177	77.84615384615384	39.546875	93.28813559322033	88.84745762711864	0.0	328.3220338983051	139.8870056497175	185.22285714285715	682.7878787878788	402.06976744186045	250.09604519774012	200.12429378531073	114.52830188679245	304.29378531073445	248.38888888888889	207.3435582822086	101.00602409638554
S212_Ribosomal_S2_150226	100.0	Bacteria	Bacillota_A	Clostridia	Oscillospirales	Ruminococcaceae	Faecalibacterium	None	0.0	0.0	16.153535353535354	19.20576131687243	37.08888888888889	0.5894039735099338	0.23978201634877383	33.27155172413793	23.12751677852349	50.61585365853659	5.728880157170924	32.73630831643002	70.39220183486239	70.1498127340824	9.686721991701244	20.16304347826087	50.29246935201401	25.654255319148938	61.739837398373986	39.17	22.302713987473904	20.055900621118013	21.083011583011583	12.98409090909091	2.309417040358744	0.0	0.0	26.243194192377494	20.29467680608365	48.10536398467433	26.62309368191721	6.002036659877801	5.643459915611814	44.131178707224336	45.66462167689161	72.55678233438486	40.37155963302752
S212_Ribosomal_S2_354530	98.3	Bacteria	Bacillota_A	Clostridia	Lachnospirales	Lachnospiraceae	Blautia_A	None	0.0	0.0	14.142191142191143	16.285140562248998	15.187341772151898	132.54989384288749	15.720588235294118	9.11437908496732	0.0	6.759633027522936	4.598591549295775	8.759803921568627	4.269922879177378	15.649659863945578	4.67483660130719	4.371428571428571	21.795801526717558	6.965703971119134	27.680497925311204	25.165	32.9125	7.569411764705882	22.571743929359823	26.149425287356323	7.644251626898048	3.9295454545454547	12.503239740820735	5.4844124700239805	15.358585858585858	18.15991902834008	3.962418300653595	5.34841628959276	0.6842105263157895	0.6921348314606741	4.945454545454545	0.0	0.6305309734513275
S212_Ribosomal_S2_382695	100.0	Bacteria	Actinomycetota	Actinomycetia	Actinomycetales	Bifidobacteriaceae	Bifidobacterium	Bifidobacterium longum	0.0	0.0	29.753105590062113	48.81923714759536	27.86	750.56	145.1993067590988	217.56578947368422	84.92992700729927	106.05850340136054	7.973297730307076	61.933526011560694	0.0	0.0	0.0	0.0	14.534290271132376	5.275440976933514	2.141552511415525	3.067080745341615	33.17845659163987	16.09430894308943	47.082633053221286	23.793871866295266	19.0840108401084	199.32232704402514	19.08371385083714	39.07098765432099	114.31233243967829	0.0	0.0	0.0	0.0	8.488888888888889	5.579029733959311	1.7717391304347827	0.42052313883299797
S212_Ribosomal_S2_45805	100.0	Bacteria	Bacillota_A	Clostridia	None	None	None	None	0.0	0.0	6.0	4.1568627450980395	4.2	59.95238095238095	46.114285714285714	40.48571428571429	15.698412698412698	31.409523809523808	13.638095238095238	50.423529411764704	31.473118279569892	44.53061224489796	28.495238095238093	37.49523809523809	20.62857142857143	6.1647058823529415	45.0	42.02970297029703	4.0	0.0	3.4927536231884058	7.486111111111111	2.857142857142857	0.0	2.5974025974025974	0.0	0.0	2.191780821917808	0.0	23.339805825242717	3.038095238095238	20.45098039215686	31.21875	23.0	2.7613636363636362
S212_Ribosomal_S2_276722	100.0	Bacteria	Bacillota_A	Clostridia	Lachnospirales	Lachnospiraceae	Mediterraneibacter	Mediterraneibacter faecis	0.0	0.0	21.012455516014235	17.21788617886179	11.794666666666666	92.13597246127367	69.28612716763006	66.0551839464883	9.649331352154531	38.81311018131102	12.072808320950966	54.42836041358937	355.1461038961039	300.7166921898928	197.0117994100295	174.7411067193676	135.5740181268882	41.42147117296223	288.0444444444444	205.82495948136142	72.18046357615894	38.571627260083446	69.95460992907802	50.24570446735395	36.06275303643725	79.55464926590538	79.25189681335357	22.534923339011925	130.27804107424961	154.66037735849056	52.993527508090615	94.8984126984127	38.13525179856115	158.21888412017168	129.31384615384616	97.22061482820976	17.106766917293232
S212_Ribosomal_S2_327421	99.7	Bacteria	Bacillota	Bacilli	Erysipelotrichales	Erysipelotrichaceae	Holdemanella	None	0.0	0.0	27.117577197149643	0.0	0.0	0.0	0.0	0.0	0.0	0.0	0.0	0.0	261.98233695652175	241.72391017173052	163.76442307692307	121.89042821158691	69.7719298245614	17.015981735159816	353.12447552447554	189.31704260651628	121.26315789473684	70.50112866817156	142.64487369985142	120.77075588599752	22.481804949053856	44.171081677704194	25.33715925394548	60.22185430463576	341.9792243767313	123.98263888888889	21.90367553865653	33.9231843575419	12.053793103448276	0.0	0.0	0.0	0.0
S212_Ribosomal_S2_25346	100.0	Bacteria	Bacteroidota	Bacteroidia	Bacteroidales	Barnesiellaceae	Barnesiella	Barnesiella intestinihominis	0.0	0.0	0.0	6.510948905109489	3.5146699266503667	0.0	0.0	0.0	0.0	0.0	0.0	0.0	0.0	0.0	0.0	0.0	0.0	0.0	0.0	0.0	67.51592356687898	34.02423263327948	0.0	1.3398876404494382	34.26171875	28.03713892709766	46.96181046676096	5.89171974522293	0.0	10.382596685082873	1.6952380952380952	0.0	0.0	8.816091954022989	3.7077681874229347	27.09036144578313	2.542091836734694
S212_Ribosomal_S2_203538	99.6	Bacteria	Bacteroidota	Bacteroidia	Bacteroidales	Porphyromonadaceae	Porphyromonas_A	Porphyromonas_A bennonis	0.0	0.0	0.0	0.0	0.0	0.0	0.0	0.0	0.0	0.0	0.0	0.0	0.0	0.0	0.0	0.0	0.0	0.0	0.0	0.0	0.0	0.0	0.0	0.0	0.0	0.0	0.0	0.0	26.184100418410043	0.0	0.0	0.0	0.0	0.0	0.0	0.0	0.0
S212_Ribosomal_S2_247061	98.3	Bacteria	Bacteroidota	Bacteroidia	Bacteroidales	Bacteroidaceae	None	None	0.0	0.0	1.6501377410468319	26.96969696969697	3.2966101694915255	0.0	89.16759776536313	28.382978723404257	96.98051948051948	51.53443526170799	16.551829268292682	49.343537414965986	12.627760252365931	13.578512396694215	0.0	6.5284810126582276	16.49034749034749	7.928176795580111	0.0	0.0	15.188612099644129	20.017492711370263	10.517906336088155	8.029411764705882	7.305369127516778	0.8319559228650137	26.25	14.16326530612245	2.911845730027548	0.910377358490566	4.236607142857143	0.25961538461538464	0.9201101928374655	9.515235457063712	4.933884297520661	3.2212389380530975	0.5668016194331984
S212_Ribosomal_S2_331036	100.0	Bacteria	Bacillota_A	Clostridia	Lachnospirales	Lachnospiraceae	Blautia_A	Blautia_A sp902782975	0.0	0.0	21.148936170212767	56.716312056737586	4.122448979591836	1099.3362068965516	74.53191489361703	31.73049645390071	22.142857142857142	22.37593984962406	14.849624060150376	36.964285714285715	78.79166666666667	35.016666666666666	13.940740740740742	36.96	75.67407407407407	36.80612244897959	48.326241134751776	96.22448979591837	65.05673758865248	70.43010752688173	100.56603773584905	36.730496453900706	38.95180722891566	24.907801418439718	25.595744680851062	13.166666666666666	41.795081967213115	60.214285714285715	12.453900709219859	26.887755102040817	1.5390070921985815	17.47517730496454	13.808510638297872	0.0	0.0
S212_Ribosomal_S2_13088	100.0	Bacteria	Actinomycetota	Actinomycetia	Mycobacteriales	Mycobacteriaceae	Corynebacterium	None	0.0	0.0	0.0	0.0	0.0	0.0	0.0	0.0	0.0	0.0	0.0	0.0	0.0	0.0	0.0	0.0	0.0	0.0	0.0	0.0	0.0	0.0	0.0	0.0	0.0	0.0	0.0	0.0	11.453257790368271	0.0	0.0	0.0	0.0	0.0	0.0	0.0	0.0
S212_Ribosomal_S2_392994	100.0	Bacteria	Bacillota_A	Clostridia	Oscillospirales	Acutalibacteraceae	CAG-217	CAG-217 sp000436335	0.0	0.0	0.0	1.1749680715197957	3.623243933588761	0.0	0.0	0.0	0.0	0.0	0.0	0.0	149.75661375661375	132.18263090676885	15.354300385109115	19.15895061728395	7.035961272475795	1.7713920817369093	21.14	23.013140604467807	142.96703296703296	69.79338842975207	69.56282051282051	47.22953451043339	1.7943805874840357	9.850622406639005	0.23243933588761176	133.82716049382717	13.342857142857143	37.439338235294116	0.0	0.0	0.0	0.0	0.0	16.318766066838045	8.597579425113464
S212_Ribosomal_S2_347940	100.0	Bacteria	Bacillota_A	Clostridia	Oscillospirales	Ruminococcaceae	Angelakisella	None	0.0	0.0	0.2750677506775068	0.0	0.0	0.0	1.1544715447154472	0.0	0.0	0.0	0.0	0.0	0.827906976744186	0.0	0.0	0.0	2.022222222222222	0.9	0.1856368563685637	0.3075880758807588	0.0	0.0	0.0	0.0	2.7311608961303464	1.1889055472263867	15.146110056925997	15.006920415224913	1.5972006220839814	0.7811993517017828	43.61946902654867	0.0	0.0	0.6712095400340715	0.9266547406082289	1.6909871244635193	1.0770519262981575
S212_Ribosomal_S2_11045	100.0	Bacteria	Actinomycetota	Actinomycetia	Actinomycetales	Bifidobacteriaceae	Bifidobacterium	Bifidobacterium adolescentis	0.0	0.0	345.0197268588771	0.0	191.5201401050788	258.0431177446103	0.3580705009276438	143.6144366197183	63.78181818181818	158.5958904109589	465.256993006993	219.12518853695323	21.2239010989011	10.00530035335689	26.206738131699847	10.10909090909091	25.688524590163933	15.506578947368421	20.457461645746164	22.260550458715596	78.87964601769912	56.32554945054945	166.40715502555366	158.01404056162247	0.0	714.2689655172413	279.5984496124031	387.4834437086093	1602.5631399317406	836.7495826377295	606.3803986710964	446.4022435897436	279.30094043887146	675.7504078303426	632.0600649350649	480.1996830427892	231.38782608695652
S212_Ribosomal_S2_362794	99.6	Bacteria	Bacillota_A	Clostridia	Tissierellales	Peptoniphilaceae	Peptoniphilus_A	Peptoniphilus_A grossensis	0.0	0.0	0.0	0.0	0.0	0.937394247038917	0.0	0.0	0.0	0.0	0.0	0.0	0.0	0.0	0.0	0.0	0.0	0.0	0.0	0.0	0.0	0.0	0.0	0.0	0.0	0.0	0.0	0.0	26.61111111111111	0.0	0.0	0.0	0.0	0.0	0.0	0.0	0.0
S212_Ribosomal_S2_322351	100.0	Bacteria	Bacillota_A	Clostridia	Lachnospirales	Lachnospiraceae	Oliverpabstia	None	0.0	0.0	6.547474747474747	14.209401709401709	14.825311942959003	110.94305239179954	71.06500956022944	93.79761904761905	51.54128440366973	121.27974947807934	32.347043701799485	143.0977130977131	141.38428874734606	96.86577181208054	124.750499001996	77.121387283237	29.491701244813278	7.006410256410256	178.4069264069264	76.25735294117646	4.3752860411899315	4.627659574468085	25.35357917570499	21.34888888888889	7.005988023952096	2.2175502742230346	2.4615384615384617	2.201923076923077	8.065134099616857	24.947257383966246	1.273224043715847	19.37268128161889	6.267748478701826	66.04976303317535	49.75051975051975	19.671742808798648	8.951219512195122
S212_Ribosomal_S2_23856	100.0	Bacteria	Bacillota_A	Clostridia	Lachnospirales	Lachnospiraceae	Blautia_A	None	0.0	0.0	15.148367952522255	79.0032154340836	11.74581939799331	1111.8980891719746	60.14598540145985	47.51458885941645	16.747634069400632	23.630170316301705	8.452380952380953	17.533854166666668	63.68870523415978	59.8525641025641	33.09018567639257	39.408496732026144	88.08974358974359	45.41246290801187	112.954802259887	64.62640449438203	85.52427184466019	43.776155717761554	85.43827160493827	45.8681592039801	26.798429319371728	20.50140056022409	27.694362017804153	6.853470437017995	20.362068965517242	49.34957020057307	14.755434782608695	24.79741379310345	5.869451697127937	8.834549878345499	14.525606469002696	3.418181818181818	0.0
S212_Ribosomal_S2_171326	96.1	Bacteria	Bacillota_A	Clostridia	Lachnospirales	Lachnospiraceae	Copromonas	Copromonas sp900066785	0.0	0.0	0.0	0.0	0.0	0.0	36.04176334106729	0.6216216216216216	14.064705882352941	5.3014018691588785	0.0	11.744845360824742	0.0	0.0	0.0	0.3649025069637883	9.917431192660551	2.660416666666667	6.437810945273632	0.7688022284122563	3.2506963788300838	5.652263374485597	2.384180790960452	0.27241379310344827	7.175257731958763	0.0	3.515228426395939	0.8686274509803922	2.3568627450980393	15.7	1.6559405940594059	0.0	2.368627450980392	0.0	2.379668049792531	0.0	1.6586433260393874
S212_Ribosomal_S2_128835	99.3	Bacteria	Bacillota_A	Clostridia	Lachnospirales	Lachnospiraceae	Blautia_A	None	0.0	0.0	2.2836879432624113	4.674698795180723	2.9654178674351583	2.684	3.716535433070866	7.7104622871046224	0.0	2.742424242424242	0.3598326359832636	0.9230769230769231	7.012165450121654	2.197080291970803	2.4352941176470586	2.23121387283237	0.0	0.0	5.6006006006006	3.478527607361963	4.372262773722627	8.501392757660167	5.305194805194805	3.0851581508515813	1.2622377622377623	1.4355231143552312	0.0	1.6058394160583942	1.6692307692307693	4.814159292035399	3.0	0.0	1.3868613138686132	3.653631284916201	2.6545012165450124	4.228021978021978	0.0
S212_Ribosomal_S2_392006	98.9	Bacteria	Bacillota_A	Clostridia	Oscillospirales	Ruminococcaceae	Fournierella	None	0.0	0.0	25.411504424778762	48.708333333333336	63.70388349514563	46.6271186440678	0.047619047619047616	32.18396226415094	26.56122448979592	29.1588785046729	17.47239263803681	16.02892561983471	27.303482587064675	28.69918699186992	1.8404255319148937	5.597701149425287	23.29326923076923	3.4545454545454546	66.18134715025907	42.379464285714285	199.4331797235023	141.75213675213675	47.8296943231441	40.342592592592595	18.265217391304347	39.42910447761194	12.97872340425532	4.709677419354839	13.23049645390071	30.497206703910614	83.77157360406092	49.89056603773585	48.436734693877554	51.01276595744681	56.27230046948357	25.705128205128204	29.315533980582526
S212_Ribosomal_S2_103757	96.8	Bacteria	Bacillota_A	Clostridia	Tissierellales	Peptoniphilaceae	Anaerococcus	Anaerococcus prevotii	0.0	0.0	0.0	0.0	0.0	0.0	0.0	0.0	0.0	0.0	0.0	0.0	0.0	0.0	0.0	0.0	0.0	0.0	0.0	0.0	0.0	0.0	0.0	0.0	0.0	0.0	0.0	0.0	9.39193083573487	0.0	0.0	0.0	0.0	0.0	0.0	0.0	0.0
S212_Ribosomal_S2_85839	100.0	Bacteria	Bacteroidota	Bacteroidia	Bacteroidales	Porphyromonadaceae	Porphyromonas	Porphyromonas sp900546675	0.0	0.0	0.0	0.0	0.0	0.0	0.0	0.0	0.0	0.0	0.0	0.0	0.0	0.0	0.0	0.0	0.0	0.0	0.0	0.0	0.0	0.0	0.0	0.0	0.0	0.0	0.0	0.0	16.856617647058822	0.0	0.0	0.0	0.0	0.0	0.0	0.0	0.0
S212_Ribosomal_S2_207696	100.0	Bacteria	Bacillota_A	Clostridia	Lachnospirales	Lachnospiraceae	Lachnoclostridium_B	Lachnoclostridium_B sp900066555	0.0	0.0	1.0887772194304857	2.6570458404074704	0.0	0.0	0.18276762402088773	9.24486301369863	2.4645799011532126	6.383592017738359	1.6278195488721805	8.03204047217538	22.67610062893082	11.009487666034156	27.2143906020558	23.99145299145299	3.447870778267254	1.2946428571428572	13.670278637770897	2.6419753086419755	6.706314243759178	3.0230414746543777	3.6202290076335877	1.422138836772983	0.0	1.8311306901615272	5.3028455284552845	1.0147679324894514	6.001941747572816	11.011272141706923	1.976608187134503	1.9900793650793651	0.0	10.60311958405546	5.568738229755179	4.632237871674492	0.0
S212_Ribosomal_S2_265551	100.0	Bacteria	Bacillota_A	Clostridia	Oscillospirales	Oscillospiraceae	None	None	0.0	0.0	6.6395939086294415	7.297169811320755	3.0784313725490198	1.776470588235294	6.227027027027027	0.0	8.5	5.329411764705882	0.0	0.5882352941176471	10.678431372549019	10.792792792792794	0.0	1.1764705882352942	10.029702970297029	0.0	9.6	5.1568627450980395	4.055555555555555	9.321568627450981	9.968627450980392	6.6299212598425195	6.423580786026201	3.134199134199134	4.679425837320574	1459.0073529411766	3.2787610619469025	7.670588235294118	20.028985507246375	13.309278350515465	8.089005235602095	7.610062893081761	4.509803921568627	16.508474576271187	6.916317991631799
S212_Ribosomal_S2_122706	100.0	Bacteria	Bacillota_A	Clostridia	Oscillospirales	Ruminococcaceae	Faecalibacterium	None	0.0	0.0	68.33993399339934	159.93610223642173	28.913539967373573	1.3839285714285714	222.7003676470588	237.85687382297553	381.14513788098697	442.80924855491327	71.81755593803787	169.23040752351096	390.97875569044004	402.15246636771303	124.8026706231454	191.04185351270553	121.06769230769231	57.18250377073907	294.79014598540147	202.51146131805157	239.6555360281195	168.7886056971514	131.590990990991	106.65116279069767	429.69278033794166	90.51768488745981	350.6621315192744	146.48382352941175	118.03457814661134	238.3679245283019	97.04089219330855	80.69432918395574	38.54495159059474	91.30862329803328	60.534950071326676	58.58346581875993	36.14972273567468
S212_Ribosomal_S2_358232	100.0	Bacteria	Bacillota_A	Clostridia	Lachnospirales	Lachnospiraceae	Oliverpabstia	None	0.0	0.0	7.711433756805808	0.7717206132879046	0.0	4.443478260869565	0.2288329519450801	0.8963963963963963	0.3593429158110883	2.2524271844660193	0.0	0.056451612903225805	85.17680608365019	77.26600985221675	27.77882797731569	16.716867469879517	18.867036011080334	6.4924924924924925	18.76829268292683	12.685823754789272	77.9673076923077	45.95275590551181	81.21306818181819	58.743772241992886	2.009584664536741	11.341281669150522	11.307570977917981	3.4356846473029043	78.64872944693572	8.194690265486726	6.102643856920684	4.025089605734767	0.8636363636363636	56.275707898658716	46.407120743034056	14.510917030567686	9.707386363636363
S212_Ribosomal_S2_182620	100.0	Bacteria	Bacillota_A	Clostridia	Lachnospirales	Lachnospiraceae	Clostridium_Q	Clostridium_Q fessum	0.0	0.0	12.768718801996672	4.466666666666667	10.307339449541285	17.844155844155843	5.330721003134796	14.506968641114982	13.522496371552975	17.81475667189953	2.979633401221996	11.340939597315437	5.373937677053824	2.4782608695652173	57.302083333333336	56.56746532156368	11.510086455331413	7.242767295597484	13.820592823712948	8.232116788321168	5.095046854082999	4.375	7.630490956072351	4.598726114649682	6.972099853157122	5.452646239554317	29.013054830287206	8.043674698795181	13.062121212121212	43.708333333333336	14.90314465408805	15.148305084745763	9.5584	2.1697819314641746	0.0	5.877289377289378	5.709415584415584
S212_Ribosomal_S2_316253	100.0	Bacteria	Bacillota_A	Clostridia	Oscillospirales	Ruminococcaceae	Faecalibacterium	None	0.0	0.0	55.65777777777778	53.946666666666665	147.31428571428572	0.0	19.226666666666667	287.80444444444447	138.53333333333333	142.57777777777778	60.044444444444444	174.95555555555555	103.95555555555555	96.91111111111111	34.68599033816425	28.547169811320753	92.39111111111112	24.83111111111111	151.81333333333333	128.9777777777778	251.2577777777778	137.66666666666666	158.39111111111112	131.7288888888889	74.93777777777778	30.622222222222224	40.15348837209302	19.657777777777778	74.99555555555555	69.22222222222223	92.84444444444445	21.942222222222224	9.280193236714975	93.68888888888888	76.56	40.373333333333335	40.284444444444446
S212_Ribosomal_S2_35680	100.0	Bacteria	Bacillota_A	Clostridia	Oscillospirales	Ruminococcaceae	Faecalibacterium	Faecalibacterium sp900551435	0.0	0.0	20.43617021276596	2.684684684684685	3.0272727272727273	0.0	0.0	0.0	0.0	0.0	0.0	1.9639639639639639	25.08219178082192	27.653846153846153	27.010526315789473	7.392857142857143	4.341772151898734	4.684684684684685	19.195121951219512	13.954954954954955	4.733333333333333	7.116666666666666	6.730337078651686	11.806451612903226	1.4864864864864864	0.5675675675675675	0.8558558558558559	3.746987951807229	2.855855855855856	1.8375	4.513513513513513	7.8558558558558556	8.783783783783784	13.057692307692308	11.958762886597938	12.505494505494505	10.144144144144144
S212_Ribosomal_S2_85868	100.0	Bacteria	Bacillota_A	Clostridia	Oscillospirales	Ruminococcaceae	Faecalibacterium	None	0.0	0.0	21.939086294416242	32.67179487179487	161.87272727272727	0.0	3.3294573643410854	44.396039603960396	41.34108527131783	49.970464135021096	3.3488372093023258	71.53941908713693	75.0	73.06046511627908	48.89655172413793	41.65263157894737	31.67099567099567	7.699074074074074	77.08333333333333	63.395348837209305	40.674418604651166	39.868852459016395	17.520833333333332	18.155555555555555	19.584158415841586	1.069767441860465	9.183406113537117	51.92635658914729	39.728	73.38372093023256	11.386904761904763	57.06185567010309	5.6118421052631575	13.203703703703704	8.817829457364342	21.151162790697676	14.437984496124031
S212_Ribosomal_S2_36717	98.9	Bacteria	Bacillota_A	Clostridia	Tissierellales	Peptoniphilaceae	Peptoniphilus_C	Peptoniphilus_C rachelemmaiella	0.0	0.0	0.0	0.0	0.0	0.0	0.0	0.0	0.0	0.0	0.0	0.0	0.0	0.0	0.0	0.0	0.0	0.0	0.0	0.0	0.0	0.0	0.0	0.0	0.0	0.0	0.0	0.0	10.007692307692308	0.0	0.0	0.0	0.0	0.0	0.0	0.0	0.0
S212_Ribosomal_S2_108911	93.2	Bacteria	Bacillota_A	Clostridia	None	None	None	None	0.0	0.0	1.5321637426900585	0.0	3.8421052631578947	0.0	3.0994152046783627	0.0	0.0	0.0	0.0	0.0	16.608187134502923	30.736842105263158	7.0120481927710845	10.064327485380117	0.0	0.7777777777777778	13.605839416058394	5.893939393939394	6.807017543859649	0.0	3.0350877192982457	3.7267080745341614	0.0	0.0	4.439716312056738	5.183098591549296	2.611464968152866	8.211864406779661	2.216374269005848	0.0	2.9005847953216373	4.230769230769231	6.458333333333333	0.0	0.0
S212_Ribosomal_S2_78195	100.0	Bacteria	Bacillota_A	Clostridia	Oscillospirales	Ruminococcaceae	Faecalibacterium	None	0.0	0.0	32.43290043290043	57.98139534883721	135.81283422459893	61.05813953488372	20.192052980132452	55.128	44.7434554973822	64.54106280193237	41.4901185770751	64.24122807017544	91.60851063829787	112.94444444444444	90.14876033057851	111.85777777777778	32.5	15.556420233463035	67.58536585365853	38.012145748987855	46.85067873303167	22.810344827586206	32.94042553191489	36.22083333333333	46.53703703703704	40.8562874251497	78.45291479820628	37.74782608695652	84.16071428571429	65.99557522123894	40.49609375	14.925373134328359	18.28780487804878	51.33163265306123	39.291666666666664	34.70718232044199	22.11261261261261
S212_Ribosomal_S2_203124	100.0	Bacteria	Bacillota	Bacilli	RF39	UBA660	CAG-302	None	0.0	0.0	0.0	0.0	0.0	0.0	0.0	0.0	0.0	0.0	0.0	0.0	4.963013698630137	5.146268656716418	0.0	0.0	0.0	0.0	0.0	0.8928571428571429	0.0	0.0	0.0	0.0	1.103448275862069	9.217625899280575	25.854497354497354	0.0	9.210227272727273	0.0	0.0	0.4810924369747899	0.0	1.8552821997105644	0.0	0.0	0.0
S212_Ribosomal_S2_184693	100.0	Bacteria	Bacillota_A	Clostridia	Oscillospirales	Ruminococcaceae	Faecalibacterium	None	0.0	0.0	4.173333333333333	0.0	0.0	0.0	0.0	0.0	0.0	0.0	0.0	0.0	3.1732673267326734	7.142857142857143	0.40444444444444444	5.779816513761468	17.067708333333332	5.828025477707007	27.6	27.333333333333332	32.66222222222222	6.927461139896373	0.0	1.3688888888888888	0.0	0.0	0.0	47.32620320855615	9.780748663101605	26.866666666666667	28.23076923076923	11.44378698224852	8.26063829787234	8.43661971830986	7.026666666666666	5.9688888888888885	3.6133333333333333
S212_Ribosomal_S2_263545	100.0	Bacteria	Bacteroidota	Bacteroidia	Bacteroidales	Rikenellaceae	Alistipes	None	0.0	0.0	0.0	41.06111111111111	44.096969696969694	0.0	0.0	0.0	12.228346456692913	8.075801749271138	6.623824451410658	1.2230971128608923	18.299674267100976	6.225641025641026	0.0	4.678030303030303	8.924603174603174	0.0	3.8976377952755907	5.619230769230769	75.44	49.88505747126437	27.05982905982906	17.424050632911392	16.740634005763688	42.813648293963254	21.53280839895013	29.673239436619717	1.4217391304347826	3.1923076923076925	45.82685512367491	19.06824146981627	12.433070866141732	19.851973684210527	27.051136363636363	54.29139072847682	13.23989218328841
S212_Ribosomal_S2_125818	100.0	Bacteria	Pseudomonadota	Gammaproteobacteria	Burkholderiales	Burkholderiaceae_A	Parasutterella	None	0.0	0.0	0.0	15.324324324324325	0.0	0.0	0.0	0.0	1.2710743801652893	0.0	0.0	0.0	0.0	0.0	0.0	0.0	0.0	0.0	0.0	0.0	2.7637362637362637	0.0	0.0	0.0	4.814516129032258	0.0	0.9796215429403202	5.87627365356623	3.8980044345898004	0.0	0.0	0.0	0.0	0.0	0.0	5.181950509461426	3.0452830188679245
S212_Ribosomal_S2_182659	100.0	Bacteria	Bacillota_A	Clostridia	Lachnospirales	Lachnospiraceae	Eubacterium_G	None	0.0	0.0	0.4088397790055249	0.0	0.0	0.0	7.356652949245542	20.42661179698217	0.41280353200883	12.034920634920635	2.8533724340175954	27.46843853820598	1.4157088122605364	3.289428076256499	1.691860465116279	2.5160680529300565	6.1416382252559725	5.384745762711864	10.510288065843621	1.9089253187613844	12.77456647398844	10.47599451303155	2.5859030837004404	1.3442906574394464	0.8982300884955752	0.0	2.4668587896253604	0.0	13.109826589595375	3.9314128943758573	0.0	2.6790123456790123	0.7906976744186046	12.816186556927297	8.872427983539094	18.75782537067545	0.0
S212_Ribosomal_S2_326532	100.0	Bacteria	Bacillota_A	Clostridia	Oscillospirales	Ruminococcaceae	Faecalibacterium	None	0.0	0.0	60.64269141531322	75.46819338422392	185.904296875	112.104	17.981627296587927	349.53723404255317	204.34456928838952	144.47094188376752	73.5123339658444	228.2588454376164	259.6168421052632	273.45023696682466	223.05605381165918	272.77477477477476	40.49197860962567	20.945147679324894	104.57943925233644	61.1924882629108	195.393115942029	97.25490196078431	137.9721706864564	105.79646017699115	87.40969162995594	45.93688362919132	84.85714285714286	57.34177215189873	106.15343915343915	153.8783185840708	72.62839248434238	36.8	56.32181425485961	74.05210420841684	92.83741648106904	57.62970711297071	39.596
S212_Ribosomal_S2_392073	100.0	Bacteria	Bacillota_A	Clostridia	Tissierellales	Peptoniphilaceae	Finegoldia	None	0.0	0.0	0.0	0.0	0.0	0.0	0.0	0.0	0.0	0.0	0.0	0.0	0.0	0.0	0.0	0.0	0.0	0.0	0.0	0.0	0.0	0.0	0.0	0.0	0.0	0.0	0.0	0.0	3.8175182481751824	0.0	0.0	0.0	0.0	0.0	0.0	0.0	0.0
S212_Ribosomal_S2_168847	100.0	Bacteria	Bacillota_A	Clostridia	Lachnospirales	Lachnospiraceae	KLE1615	None	0.0	0.0	21.514575411913814	0.0	0.0	0.0	40.859778597785976	77.04587155963303	43.57515337423313	54.74089068825911	30.27377049180328	122.49597423510467	28.727023319615913	18.452471482889734	35.753369272237194	8.869811320754717	7.515060240963855	5.385802469135802	4.742998352553542	2.280101394169835	32.49588138385502	8.00788643533123	32.47120418848168	31.751733703190013	13.249683143219265	2.8497109826589595	8.77570093457944	0.0	29.38735818476499	20.900262467191602	20.966759002770083	10.95475113122172	4.061923583662714	0.4934086629001883	1.851963746223565	2.0126742712294043	0.366
S212_Ribosomal_S2_202640	99.6	Bacteria	Bacillota_A	Clostridia	Oscillospirales	Oscillospiraceae	ER4	ER4 sp000765235	0.0	0.0	16.107526881720432	88.79447852760737	28.526408450704224	0.0	0.0	2.8940972222222223	81.22189349112426	85.30298507462686	2.6854256854256855	48.966796875	19.887521968365554	26.282962962962962	5.6583747927031505	11.663685152057244	24.734094616639478	7.481178396072013	23.623076923076923	17.055636896046853	72.37091503267973	54.385714285714286	63.183381088825215	43.07131537242472	113.07086614173228	20.55763688760807	88.16399286987522	117.6125730994152	13.982142857142858	20.689655172413794	205.35125448028674	32.389830508474574	43.807760141093475	95.63301282051282	88.98295454545455	93.69418386491557	36.586158192090394
S212_Ribosomal_S2_265105	98.7	Bacteria	Bacillota_A	Clostridia	Oscillospirales	Ruminococcaceae	Gemmiger	Gemmiger sp900554145	0.0	0.0	26.67676767676768	33.74463519313305	53.588235294117645	88.1576227390181	0.0	59.56983240223464	26.889487870619945	33.233333333333334	39.112385321100916	22.8125	53.16774193548387	56.9706546275395	6.911458333333333	2.2397476340694005	31.92105263157895	20.00990099009901	59.91282051282051	39.082995951417004	180.3828125	124.62390670553935	57.93066666666667	33.17619047619048	18.90909090909091	53.735632183908045	6.123563218390805	5.234463276836158	18.611898016997166	18.794721407624632	73.52028639618139	61.474666666666664	34.30573248407644	47.26142131979695	62.485781990521325	63.87317073170732	46.85410334346505
S212_Ribosomal_S2_356756	96.3	Bacteria	Bacillota_A	Clostridia	Oscillospirales	Oscillospiraceae	Vescimonas	Vescimonas sp012719745	0.0	0.0	7.755627009646302	34.343835616438355	34.27677100494234	0.0	17.631493506493506	0.0	5.6518650088809945	4.8061224489795915	3.866120218579235	4.487215909090909	12.628346456692913	6.889121338912134	3.2633390705679863	5.5832187070151305	25.941810344827587	11.80872011251758	18.288194444444443	8.793760831889081	20.59646302250804	30.87758945386064	38.51708766716196	32.460912052117266	65.89965397923875	12.31390134529148	107.26366559485531	26.440647482014388	8.388364779874214	10.054867256637168	230.08029197080293	39.11942446043165	44.42156862745098	44.72566371681416	32.86013986013986	27.71451876019576	15.170093457943926
S212_Ribosomal_S2_141721	100.0	Bacteria	Actinomycetota	Coriobacteriia	Coriobacteriales	Coriobacteriaceae	Collinsella	None	0.0	0.0	131.85122699386503	109.01775147928994	333.0848920863309	583.2018209408194	146.20903010033445	343.22350993377484	74.51311475409837	182.64868804664724	135.13755158184318	197.39864864864865	322.9641185647426	288.3826247689464	304.5300859598854	278.2002743484225	148.3155619596542	72.9292364990689	330.78005865102637	300.62872154115587	200.51186440677967	158.30275229357798	330.8563106796116	267.46078431372547	0.5974025974025974	1.739368998628258	0.39518072289156625	417.7089783281734	440.19565217391306	498.3685152057245	422.6617375231054	514.2631578947369	160.73378839590444	563.4709480122324	436.2098765432099	423.2939481268011	162.75646879756468
S212_Ribosomal_S2_201635	99.5	Bacteria	Bacillota_A	Clostridia	Oscillospirales	Oscillospiraceae	CAG-170	None	0.0	0.0	8.882703777335983	4.813432835820896	5.46	0.0	0.0	0.0	0.0	0.0	0.0	0.0	32.415238095238095	12.660033167495854	0.5046296296296297	2.0217391304347827	9.283673469387756	7.281188118811881	15.64676616915423	11.00207039337474	18.776363636363637	10.479028697571744	22.18905472636816	22.541208791208792	5.2781186094069525	8.0	27.688225538971807	15.59925788497217	1.9323308270676691	9.47911547911548	55.13219616204691	16.749585406301826	12.658374792703151	5.693023255813953	5.494163424124514	28.54901960784314	13.053082191780822
S212_Ribosomal_S2_57255	100.0	Bacteria	Bacillota_A	Clostridia	Oscillospirales	Oscillospiraceae	CAG-103	CAG-103 sp900543625	0.0	0.0	11.96734693877551	3.7740963855421685	12.010014306151644	0.0	0.0	0.0	0.0	0.0	0.0	0.0	10.834013605442177	7.2757527733755945	0.24353741496598638	0.0	9.68457300275482	3.822289156626506	11.99667221297837	9.910554561717353	96.6731078904992	71.80477528089888	36.9703808180536	26.514657980456025	58.291280148423006	8.242857142857142	28.53832116788321	89.06563706563706	2.074829931972789	9.036390101892286	168.6219135802469	25.955266955266957	18.973426573426572	0.0	1.435897435897436	3.6485148514851486	0.0
S212_Ribosomal_S2_53159	100.0	Bacteria	Bacillota_A	Clostridia	Lachnospirales	Lachnospiraceae	Eubacterium_I	None	0.0	0.0	3.3333333333333335	5.172932330827067	3.011851851851852	0.0	1.7392592592592593	83.7274368231047	10.627836611195159	46.152466367713004	4.30607966457023	39.67700729927007	59.02123552123552	44.26829268292683	10.158964879852126	16.713503649635037	5.047407407407407	4.899209486166008	19.251396648044693	7.922907488986784	17.698675496688743	8.502946954813359	10.954697986577182	13.919324577861163	5.589595375722543	7.52072072072072	4.442764578833693	21.418067226890756	14.00383877159309	8.908045977011493	8.302564102564103	8.66095238095238	4.8133333333333335	7.306501547987616	4.495219885277247	14.214968152866241	0.0
S212_Ribosomal_S2_348589	100.0	Bacteria	Bacillota_A	Clostridia	Tissierellales	Peptoniphilaceae	Anaerococcus	Anaerococcus ihuae	0.0	0.0	0.0	0.0	0.0	0.8184281842818428	0.0	0.0	0.0	0.0	0.0	0.0	0.0	0.0	0.0	0.0	0.0	0.0	0.0	0.0	0.0	0.0	0.0	0.0	0.0	0.0	0.0	0.0	25.165584415584416	0.0	0.0	0.0	0.0	0.0	0.0	0.0	0.0
S212_Ribosomal_S2_45487	100.0	Bacteria	Actinomycetota	Actinomycetia	Actinomycetales	Bifidobacteriaceae	Bifidobacterium	None	0.0	0.0	29.166666666666668	12.2421875	11.805084745762711	267.6503067484663	33.43312101910828	74.03954802259886	23.839285714285715	66.08474576271186	6.1466666666666665	31.053691275167786	0.96045197740113	0.0	0.0	0.0	4.129943502824859	1.7118644067796611	5.595238095238095	2.7796610169491527	11.204081632653061	10.979591836734693	11.891428571428571	12.870056497175142	19.352	65.55345911949685	10.048387096774194	18.88	34.906474820143885	1.7231638418079096	0.0	0.0	0.0	12.910344827586206	7.265536723163842	16.60952380952381	0.0
S212_Ribosomal_S2_39856	100.0	Bacteria	Bacillota_A	Clostridia	Lachnospirales	Lachnospiraceae	Blautia_A	Blautia_A faecis	0.0	0.0	3.0095419847328246	1.2638580931263859	3.5496296296296297	122.8595744680851	95.19485294117646	58.08849557522124	32.096296296296295	25.649305555555557	69.47643979057591	70.40350877192982	51.11524822695036	37.26829268292683	24.056701030927837	44.05834683954619	27.959367945823928	6.703319502074689	47.42037037037037	18.94746716697936	48.91263940520446	26.09251101321586	49.94655172413793	54.60557768924303	48.54351395730706	28.399628252788105	28.87382297551789	2.773462783171521	16.618629173989454	25.038095238095238	13.653310104529616	11.589605734767025	4.8166089965397925	46.76739926739927	53.964814814814815	30.552208835341364	5.190476190476191
S212_Ribosomal_S2_34225	100.0	Bacteria	Bacillota_C	Negativicutes	Veillonellales	Dialisteraceae	Allisonella	Allisonella histaminiformans	0.0	0.0	0.0	0.0	0.0	0.0	13.849462365591398	0.0	0.0	0.0	0.0	0.0	5.2080123266563945	0.0	0.13306451612903225	0.0	2.864406779661017	0.0	23.536585365853657	8.529508196721311	4.16887417218543	2.961038961038961	2.3696763202725726	1.0526315789473684	0.0	0.0	0.0	1.0711805555555556	6.175172413793104	6.292758089368259	7.570715474209651	8.15485996705107	3.891373801916933	0.0	0.0	2.653688524590164	1.2505399568034556
S212_Ribosomal_S2_43445	100.0	Bacteria	Bacillota_A	Clostridia	Oscillospirales	Ruminococcaceae	Gemmiger	None	0.0	0.0	9.671597633136095	0.391304347826087	0.0	236.8955223880597	0.0	3.6044226044226044	0.6801801801801802	0.0	0.0	0.0	47.042792792792795	44.32839506172839	58.6048632218845	53.20142180094787	41.12462006079027	13.463476070528968	64.31306306306307	56.83844011142061	47.984848484848484	43.960199004975124	42.712041884816756	29.833787465940055	43.690962099125365	15.482649842271293	16.46604938271605	11.215777262180975	9.036036036036036	9.45890410958904	13.042792792792794	3.029304029304029	7.5225225225225225	31.5202492211838	29.644144144144143	26.26751592356688	22.69144144144144
S212_Ribosomal_S2_119734	100.0	Bacteria	Actinomycetota	Coriobacteriia	Coriobacteriales	Eggerthellaceae	Slackia_A	Slackia_A isoflavoniconvertens	0.0	0.0	19.6832	0.0	17.609477124183005	69.62621359223301	12.901256732495511	0.0	0.0	0.0	0.0	0.0	25.698010849909583	14.410358565737052	7.666666666666667	6.024439918533605	7.847945205479452	1.7104913678618858	10.719047619047618	8.48473282442748	9.456637168141594	4.6305220883534135	7.145339652448657	3.537109375	0.0	0.38114209827357237	0.0	11.556868537666174	24.61251862891207	7.1912280701754385	34.42722371967655	25.63479415670651	17.971599402092675	35.2346208869814	25.493589743589745	21.574229691876752	7.935261707988981
S212_Ribosomal_S2_238007	100.0	Bacteria	Bacillota_A	Clostridia	Lachnospirales	Lachnospiraceae	Fusicatenibacter	Fusicatenibacter saccharivorans	0.0	0.0	56.06425702811245	77.98977853492335	172.73534635879219	0.0	332.6639871382637	754.6600331674958	237.7068145800317	472.4532924961715	191.2268907563025	495.5074183976261	614.8447653429603	511.04920913884007	235.86832740213524	262.78735632183907	38.816770186335404	27.361301369863014	247.50438596491227	152.56920415224914	436.18932038834953	278.4142394822006	61.329073482428115	46.294117647058826	239.3386167146974	70.53351573187415	32.26289517470882	11.570032573289902	263.1671641791045	220.82778864970646	27.111975116640746	39.45174825174825	4.917808219178082	68.90451388888889	57.29794520547945	105.9575402635432	48.09702660406886
S212_Ribosomal_S2_167351	98.9	Bacteria	Bacillota_A	Clostridia	Oscillospirales	CAG-272	Flemingibacterium	Flemingibacterium sp900546315	0.0	0.0	0.0	0.0	0.0	0.0	0.0	0.0	0.0	0.0	0.0	0.0	0.0	0.0	0.0	0.0	0.7342995169082126	0.0	0.0	0.0	1.7411347517730495	0.0	1.7269503546099292	0.0	0.0	0.0	0.0	1.599290780141844	0.0	9.549645390070921	3.765957446808511	0.0	0.5891891891891892	0.0	0.0	0.0	0.0
S212_Ribosomal_S2_266687	100.0	Bacteria	Bacillota_A	Clostridia	Oscillospirales	Oscillospiraceae	None	None	0.0	0.0	0.20202020202020202	0.0	0.0	0.0	0.0	0.0	0.0	0.0	0.0	0.0	2.7474747474747474	5.04	0.0	0.0	7.508771929824562	0.0	0.1717171717171717	0.9393939393939394	2.7777777777777777	0.5959595959595959	0.5757575757575758	0.0	2.8282828282828283	2.8383838383838382	2.1818181818181817	1.3333333333333333	1.4242424242424243	0.7777777777777778	24.020408163265305	0.0	0.5454545454545454	1.2626262626262625	0.0	1.7777777777777777	2.01010101010101
S212_Ribosomal_S2_397763	100.0	Bacteria	Bacteroidota	Bacteroidia	Bacteroidales	Bacteroidaceae	Bacteroides	None	0.0	0.0	0.0	22.929782082324454	9.443381180223286	3.3693009118541033	57.55878084179971	56.37987421383648	170.73497267759564	83.78892215568862	24.476315789473684	85.03303303303304	15.68815592203898	15.803347280334728	0.9205548549810845	8.66614420062696	12.579450418160096	4.773255813953488	1.6084507042253522	0.0	9.6832	8.489533011272142	27.37329286798179	10.81347962382445	21.627659574468087	17.259668508287294	51.925	11.2	16.756756756756758	16.162589928057553	2.479228486646884	1.41399416909621	0.0	17.559349593495934	14.454661558109834	52.057665260196906	10.82876712328767
S212_Ribosomal_S2_85958	100.0	Bacteria	Bacteroidota	Bacteroidia	Bacteroidales	Bacteroidaceae	Phocaeicola	Phocaeicola coprophilus	0.0	0.0	0.0	8.750733137829911	2.499263622974963	0.0	11.056987788331073	0.45473684210526316	1.4351005484460695	2.754530477759473	0.0	1.5614035087719298	32.258555133079845	40.81402936378466	0.0	16.029904306220097	1.3467862481315396	0.0	0.0	0.0	25.309985096870342	9.66068759342302	2.1907308377896615	8.808375634517766	10.491620111731844	0.0	0.7416545718432511	21.617857142857144	62.582417582417584	71.64803625377644	0.0	0.0	0.0	0.0	0.0	5.538461538461538	0.0
S212_Ribosomal_S2_295372	100.0	Bacteria	Actinomycetota	Actinomycetia	Mycobacteriales	Mycobacteriaceae	Lawsonella	Lawsonella sp018376445	0.0	0.0	0.0	0.0	0.0	0.0	0.0	0.0	0.0	0.0	0.0	0.0	0.0	0.0	0.0	0.0	0.0	0.0	0.0	0.0	0.0	0.0	0.0	0.0	0.0	0.0	0.0	0.0	15.417874396135266	0.0	0.0	0.0	0.0	0.0	0.0	0.0	0.0
S212_Ribosomal_S2_63439	100.0	Bacteria	Bacillota_A	Clostridia	None	None	None	None	0.0	0.0	2.1142857142857143	0.0	0.0	0.0	0.0	1.8666666666666667	1.8666666666666667	2.6285714285714286	0.0	0.0	30.152380952380952	26.029411764705884	18.448979591836736	8.395833333333334	5.708333333333333	0.9333333333333333	10.048387096774194	2.6363636363636362	34.932432432432435	22.228571428571428	31.145631067961165	16.262295081967213	2.3142857142857145	0.8548387096774194	10.177777777777777	7.4743589743589745	27.933333333333334	0.0	0.0	2.111111111111111	0.0	26.948979591836736	23.8375	4.9324324324324325	4.123809523809523
S212_Ribosomal_S2_249819	100.0	Bacteria	None	None	None	None	None	None	0.0	0.0	13.271468144044322	161.71393643031786	30.54178674351585	0.0	440.038961038961	35.94476744186046	108.80860215053764	139.55889145496536	5.4245283018867925	97.04358353510897	49.40938166311301	40.228699551569505	67.85314685314685	78.14096916299559	61.869680851063826	37.71351351351351	53.70238095238095	57.03611111111111	70.98170731707317	49.78661087866109	24.65893271461717	18.60810810810811	43.28374655647383	1.5287671232876712	84.61484918793504	45.80759493670886	25.981927710843372	75.8775	108.4093023255814	14.921686746987952	30.234285714285715	24.67056074766355	12.916666666666666	32.09706546275395	25.485207100591715
S212_Ribosomal_S2_10204	100.0	Bacteria	Verrucomicrobiota	Verrucomicrobiae	Verrucomicrobiales	Akkermansiaceae	Akkermansia	Akkermansia muciniphila_B	0.0	0.0	0.0	0.0	0.0	0.0	0.0	0.0	0.0	0.0	0.0	61.32890365448505	0.0	0.0	0.0	0.0	0.0	0.0	0.0	0.0	0.0	0.0	0.0	0.0	51.254826254826256	42.712898751733704	39.3371104815864	26.414414414414413	0.0	0.0	0.0	0.0	0.0	0.0	0.0	0.0	0.0
S212_Ribosomal_S2_327648	100.0	Bacteria	Bacillota_A	Clostridia	Tissierellales	Peptoniphilaceae	Ezakiella	Ezakiella sp900540185	0.0	0.0	0.0	0.0	0.0	0.0	0.0	0.0	0.0	0.0	0.0	0.0	0.0	0.0	0.0	0.0	0.0	0.0	0.0	0.0	0.0	0.0	0.0	0.0	0.0	0.0	0.0	0.0	11.057256990679095	0.0	0.0	0.0	0.0	0.0	0.0	0.0	0.0
S212_Ribosomal_S2_344032	96.0	Bacteria	Bacillota_A	Clostridia	Lachnospirales	Lachnospiraceae	Limivivens	None	0.0	0.0	7.040650406504065	4.812324929971989	3.725925925925926	0.0	0.0	10.783950617283951	1.187830687830688	0.0	4.169312169312169	7.183908045977011	1.7114093959731544	0.0	0.0	0.0	3.8189655172413794	2.5	13.1203007518797	6.5257452574525745	18.006644518272424	10.094827586206897	3.0170648464163823	2.6296296296296298	3.5501519756838906	1.9206349206349207	2.925925925925926	0.9518072289156626	1.8285714285714285	2.124338624338624	0.0	0.0	0.0	3.105820105820106	0.0	1.5158730158730158	0.0
S212_Ribosomal_S2_103392	98.6	Bacteria	Bacillota_B	Peptococcia	Peptococcales	Peptococcaceae	Peptococcus	Peptococcus niger	0.0	0.0	0.0	0.0	0.0	0.0	0.0	0.0	0.0	0.0	0.0	0.0	0.0	0.0	0.0	0.0	0.0	0.0	0.0	0.0	0.0	0.0	0.0	0.0	0.0	0.0	0.0	0.0	3.210762331838565	0.0	0.0	0.0	0.0	0.0	0.0	0.0	0.0
S212_Ribosomal_S2_285157	100.0	Bacteria	Bacillota_A	Clostridia	Oscillospirales	Oscillospiraceae	Evtepia	Evtepia sp004556345	0.0	0.0	17.104631217838765	18.188102893890676	17.13157894736842	0.0	0.0	3.463022508038585	41.02721088435374	35.84615384615385	24.59180035650624	35.207729468599034	62.62277580071174	47.990033222591364	38.97095435684647	42.54585798816568	30.3943661971831	9.76049766718507	71.84457478005865	36.42413793103448	24.720812182741117	13.083333333333334	20.074792243767313	12.387225548902196	28.380681818181817	7.319073083778966	28.390654205607476	63.93589743589744	25.330838323353294	36.285475792988315	66.6853448275862	51.785483870967745	29.985052316890883	33.38879736408567	26.641952983725137	23.380582524271844	4.284132841328414
S212_Ribosomal_S2_142837	100.0	Bacteria	Bacteroidota	Bacteroidia	Bacteroidales	Bacteroidaceae	Phocaeicola	None	0.0	0.0	2.6133333333333333	57.369175627240146	27.32	0.0	192.66445182724252	138.9388489208633	140.73154362416108	118.72036474164133	18.67128027681661	128.0	0.0	8.545454545454545	0.0	6.638297872340425	8.472727272727273	0.0	0.0	0.0	38.99667774086379	14.139393939393939	17.01818181818182	22.570934256055363	26.992932862190813	12.67383512544803	45.10612244897959	12.007194244604317	28.032846715328468	49.01829268292683	9.484848484848484	2.0393939393939395	0.0	2.8850574712643677	2.321981424148607	24.61423220973783	2.6484848484848484
S212_Ribosomal_S2_229373	100.0	Bacteria	Bacillota_A	Clostridia	Oscillospirales	Acutalibacteraceae	UBA1417	None	0.0	0.0	37.456366237482115	2.8971332209106238	11.177449168207024	0.0	0.0	16.718157181571815	44.079147640791476	75.79132791327913	16.514328808446457	32.55097613882863	20.065006915629322	7.615555555555556	7.008797653958944	10.218157181571815	4.167375886524822	4.445816186556927	241.02932098765433	154.23882896764252	55.043130990415335	32.321220930232556	16.99684542586751	7.75531914893617	39.324175824175825	11.067484662576687	10.932148626817447	0.0	2.9889349930843707	1.8707070707070708	17.270764119601328	29.4896449704142	2.5044404973357017	50.3640625	66.96798493408663	85.18448275862069	51.64817749603804
