scg_name	percent_identity	t_domain	t_phylum	t_class	t_order	t_family	t_genus	t_species	NEG_UWTrinh_BS_0001_F05	NEG_UWTrinh_BS_0001_H05	S200_V00	S200_V11	S200_V22	S200_V33	S200_V44	S201_V00	S201_V11	S201_V22	S201_V33	S201_V44	S207_V0A	S207_V0B	S207_V2A	S207_V2B	S208_V0A	S208_V0B	S208_V2A	S208_V2B	S210_V0A	S210_V0B	S210_V1A	S210_V1B	S211_V00	S211_V11	S211_V22	S212_V00	S212_V11	S212_V22	S213_V00	S213_V11	S213_V22	S214_V0A	S214_V0B	S214_V2A	S214_V2B
S213_Ribosomal_S2_299013	100.0	Bacteria	Bacillota_A	Clostridia	Oscillospirales	Oscillospiraceae	F23-B02	F23-B02 sp001916715	0.0	0.0	0.0	0.0	0.0	0.0	0.0	0.0	0.0	0.0	0.0	0.0	0.0	1.9919354838709677	0.0	0.0	0.0	0.0	0.0	0.0	0.0	0.0	0.0	0.0	0.0	0.0	0.0	0.0	0.0	0.0	67.31774193548387	11.094313453536754	3.8550512445095166	2.204301075268817	0.9408602150537635	0.7601410934744268	0.5209923664122137
S213_Ribosomal_S2_476683	98.9	Bacteria	Bacillota_A	Clostridia	Lachnospirales	Anaerotignaceae	Anaerotignum	Anaerotignum faecicola	0.0	0.0	0.0	8.134715025906736	0.0	0.0	0.0	0.0	0.0	0.0	0.0	0.0	1.5660919540229885	0.0	3.4798850574712645	1.514367816091954	0.0	0.0	0.0	0.0	6.617816091954023	2.8798701298701297	4.361702127659575	3.4444444444444446	5.942028985507246	0.0	8.459770114942529	1.3017241379310345	1.4971264367816093	0.0	8.472303206997085	0.0	0.752895752895753	3.3732876712328768	3.2698961937716264	0.7668393782383419	0.0
S213_Ribosomal_S2_476684	100.0	Bacteria	Bacillota_A	Clostridia	Lachnospirales	Anaerotignaceae	Anaerotignum	Anaerotignum faecicola	0.0	0.0	0.0	10.714285714285714	8.428030303030303	0.0	0.0	0.0	0.0	0.0	0.0	0.0	0.7272727272727273	0.696969696969697	4.424242424242424	1.0795454545454546	2.772727272727273	0.0	0.0	1.144278606965174	8.274900398406375	0.0	8.113636363636363	10.150579150579151	4.528225806451613	0.0	11.430232558139535	1.143939393939394	1.625	1.2424242424242424	4.458333333333333	5.521052631578947	0.0	0.9734848484848485	10.404761904761905	6.882575757575758	0.8341463414634146
S213_Ribosomal_S2_150541	97.5	Bacteria	Bacillota_A	Clostridia	Christensenellales	CAG-74	Ventricola	Ventricola sp017936375	0.0	0.0	0.0	0.0	4.870967741935484	0.0	0.5412186379928315	0.0	0.0	0.0	0.0	0.0	3.1146953405017923	10.049261083743842	3.1702127659574466	0.0	1.3297491039426523	0.0	6.2637795275590555	1.07168458781362	0.0	0.0	0.0	0.0	0.0	0.0	1.5813953488372092	0.0	0.0	0.0	0.0	0.0	3.5304659498207887	3.193548387096774	2.4731182795698925	1.815217391304348	0.0
S213_Ribosomal_S2_171027	100.0	Bacteria	Bacillota_A	Clostridia	Lachnospirales	Lachnospiraceae	Acetatifactor	None	0.0	0.0	5.483180428134556	16.618045112781957	9.609022556390977	0.0	46.72256097560975	0.0	13.01141924959217	0.5515548281505729	0.0	2.8087201125175807	22.22797202797203	18.535714285714285	2.3968253968253967	11.297906602254429	86.26363636363637	31.799276672694393	17.39	21.853932584269664	47.30758807588076	20.982857142857142	15.070287539936102	17.427007299270073	4.636190476190476	0.7797619047619048	11.792880258899677	0.0	0.0	0.6965648854961832	54.98537477148081	9.798179059180576	24.82089552238806	10.359190556492411	16.793313069908816	42.26465661641541	20.1234375
S213_Ribosomal_S2_329241	100.0	Bacteria	Bacillota_A	Clostridia	Peptostreptococcales	Anaerovoracaceae	Lentihominibacter	None	0.0	0.0	2.4722222222222223	0.0	0.0	0.0	0.8935185185185185	0.0	0.0	0.0	0.0	0.0	0.32407407407407407	7.75	0.2962962962962963	1.0092592592592593	0.24074074074074073	0.0	8.602739726027398	4.402777777777778	5.976851851851852	2.9305555555555554	20.71657754010695	5.4125	4.143518518518518	0.0	0.0	0.0	0.0	0.08796296296296297	24.04945054945055	7.27363184079602	0.0	4.789115646258503	5.925925925925926	2.683720930232558	0.0
S213_Ribosomal_S2_312345	100.0	Bacteria	Bacillota_A	Clostridia	Lachnospirales	Lachnospiraceae	Dorea_A	Dorea_A longicatena	0.0	0.0	31.32488114104596	17.813533834586465	21.491472868217055	0.0	73.0704845814978	300.5742725880551	55.359078590785906	66.42907180385289	65.25207296849088	141.3130081300813	273.61469265367316	233.0402877697842	275.710027100271	234.86666666666667	113.43497757847534	29.7968992248062	164.26530612244898	112.66356589147287	162.78378378378378	69.53260869565217	323.1939102564103	220.3795731707317	59.38998482549317	45.40071556350626	124.17948717948718	18.857784431137723	196.71779141104295	161.91276252019387	27.06564245810056	65.57096774193549	12.42382271468144	153.09326424870466	122.07033639143731	117.78694158075601	26.60036496350365
S213_Ribosomal_S2_219680	100.0	Bacteria	Bacteroidota	Bacteroidia	Bacteroidales	Marinifilaceae	Butyricimonas	Butyricimonas faecalis	0.0	0.0	0.0	3.038772213247173	5.706257982120051	0.0	0.0	0.0	0.0	0.0	0.0	0.0	0.5236270753512133	0.14687100893997446	0.0	0.0	1.5965189873417722	0.9691558441558441	0.0	0.0	13.924393723252496	4.028169014084507	3.3207792207792206	1.749185667752443	3.5753604193971165	2.081841432225064	4.73224043715847	0.0	0.0	0.0	5.92621359223301	1.6043795620437957	0.9915373765867419	0.0	0.0	1.527190332326284	0.0
S213_Ribosomal_S2_27169	99.7	Bacteria	Bacillota	Bacilli	Erysipelotrichales	Erysipelotrichaceae	Holdemanella	None	0.0	0.0	27.117577197149643	0.0	0.0	0.0	0.0	0.0	0.0	0.0	0.0	0.0	261.97095435684645	241.7542932628798	163.73855421686747	121.89042821158691	69.7719298245614	17.015981735159816	353.12447552447554	189.31704260651628	121.26315789473684	70.50112866817156	142.64487369985142	120.77075588599752	22.481804949053856	44.171081677704194	25.33715925394548	60.22185430463576	341.9792243767313	123.98263888888889	21.188755020080322	31.293768545994066	12.053793103448276	0.0	0.0	0.0	0.0
S213_Ribosomal_S2_370211	99.3	Bacteria	Bacteroidota	Bacteroidia	Bacteroidales	Bacteroidaceae	Prevotella	Prevotella sp002251385	0.0	0.0	2.3092783505154637	0.0	0.0	0.0	0.0	0.0	0.0	0.0	0.0	0.0	0.0	0.0	0.0	0.0	18.260204081632654	4.179775280898877	0.30039525691699603	10.882591093117409	0.0	0.0	0.0	0.0	0.0	0.0	0.0	0.0	0.0	0.0	9.693498452012383	5.2485549132947975	1.905	0.0	0.0	0.0	0.0
S213_Ribosomal_S2_370212	99.2	Bacteria	Bacteroidota	Bacteroidia	Bacteroidales	Bacteroidaceae	Prevotella	None	0.0	0.0	7.56701030927835	0.0	0.0	0.0	0.0	0.0	0.0	0.0	0.0	0.0	5.45928338762215	1.9575971731448762	0.0	1.145985401459854	22.38125	9.682926829268293	8.228710462287104	9.384428223844282	14.007299270072993	2.8168316831683167	19.202156334231805	21.99756690997567	0.0	0.0	0.0	0.0	0.0	0.0	7.116104868913857	1.6253041362530414	1.1479099678456592	0.0	0.0	0.0	0.0
S213_Ribosomal_S2_111144	100.0	Bacteria	Bacillota	Bacilli	Erysipelotrichales	Coprobacillaceae	None	None	0.0	0.0	0.0	0.0	0.30617283950617286	0.0	0.0	0.0	0.0	0.0	0.0	0.0	225.14018691588785	238.35434412265758	549.9234449760766	465.2426343154246	64.04941860465117	17.88005215123859	230.97214076246334	124.67315175097276	38.30555555555556	15.565051020408163	111.26179604261796	101.04139072847683	0.0	0.0	0.0	0.0	0.0	0.0	0.0	31.001655629139073	4.8766917293233085	0.0	0.0	0.0	0.0
S213_Ribosomal_S2_12329	100.0	Bacteria	Bacillota_A	Clostridia	Christensenellales	CAG-74	None	None	0.0	0.0	0.0	0.0	0.0	0.0	0.0	0.0	0.0	0.0	0.0	0.0	0.0	0.0	0.0	0.0	0.0	0.0	0.0	0.0	0.0	0.0	0.0	0.0	0.0	0.0	0.0	0.0	0.0	0.0	0.0	5.875	0.0	0.0	0.0	0.0	0.0
S213_Ribosomal_S2_410664	100.0	Bacteria	Bacillota_A	Clostridia	Lachnospirales	Lachnospiraceae	Bariatricus	None	0.0	0.0	25.23916532905297	29.48688524590164	5.511926605504587	2.956989247311828	132.55536912751677	7.147783251231527	3.2721417069243155	2.6780575539568345	23.485273492286115	66.07600596125187	190.83333333333334	153.68571428571428	120.74006116207951	123.7346600331675	27.546666666666667	7.626344086021505	120.22613803230543	67.06623586429725	155.90437601296597	92.48462664714495	142.3399014778325	116.91239892183289	46.486656200941916	21.145975443383357	43.39598540145985	12.911985018726591	41.933560477001706	36.786206896551725	28.245142002989535	21.3476821192053	9.830769230769231	92.58922558922559	89.1774193548387	81.696	20.946236559139784
S213_Ribosomal_S2_29737	96.9	Bacteria	Bacillota_A	Clostridia	Oscillospirales	Oscillospiraceae	None	None	0.0	0.0	0.0	0.0	0.0	0.0	0.0	0.0	0.0	0.0	0.0	0.0	0.7384615384615385	0.0	0.0	0.0	0.0	0.0	0.0	0.0	0.0	0.0	0.0	0.0	0.0	0.0	0.0	0.0	0.0	0.0	3.2512820512820513	1.994871794871795	1.5025641025641026	0.0	0.0	0.0	0.0
S213_Ribosomal_S2_219694	100.0	Bacteria	Bacillota_A	Clostridia	Lachnospirales	Lachnospiraceae	Mediterraneibacter_A	Mediterraneibacter_A butyricigenes	0.0	0.0	0.0	1.4852320675105486	1.0548523206751055	0.0	3.827004219409283	24.113475177304963	10.477124183006536	16.61935483870968	3.3333333333333335	22.517482517482517	5.679324894514768	0.6325301204819277	0.0	3.3605150214592276	0.4810126582278481	0.7261146496815286	3.7873303167420813	1.7637130801687764	4.341772151898734	2.8860759493670884	1.219409282700422	0.7130801687763713	5.223628691983122	3.7552742616033754	1.4641350210970465	3.597122302158273	13.496774193548386	0.0	2.7336448598130842	2.367088607594937	0.0	6.901287553648069	8.078947368421053	5.719211822660099	0.0
S213_Ribosomal_S2_77367	100.0	Bacteria	Bacillota_A	Clostridia	Christensenellales	CAG-138	PeH17	PeH17 sp000435055	0.0	0.0	6.9296636085626915	0.0	0.0	0.0	0.0	0.0	0.0	0.0	0.0	0.0	0.0	0.0	0.0	0.0	1.594953519256308	0.0	0.0	0.0	0.0	0.0	0.0	0.0	14.900497512437811	7.946531791907514	11.67361111111111	0.0	0.0	0.0	63.69374167776298	15.868465430016863	26.16	0.0	0.0	0.6925619834710743	1.0703851261620185
S213_Ribosomal_S2_369719	100.0	Bacteria	Bacillota_A	Clostridia	Oscillospirales	Acutalibacteraceae	Fimenecus	Fimenecus sp000432435	0.0	0.0	0.0	26.251908396946565	18.797619047619047	0.0	0.0	0.0	0.0	0.0	0.0	0.0	1.8896746817538896	0.0	7.044576523031203	12.862132352941176	64.76410998552822	36.10547396528705	102.93059490084985	46.895495495495496	12.914335664335665	15.579759862778731	142.41653160453808	98.92434662998625	83.65563909774436	71.04545454545455	114.01264044943821	6.7938311688311686	41.733024691358025	32.90984974958264	32.39586645468999	71.00798722044729	18.98858075040783	0.0	0.0	0.0	0.0
S213_Ribosomal_S2_423485	100.0	Bacteria	Bacillota_A	Clostridia	Oscillospirales	Acutalibacteraceae	UBA1417	None	0.0	0.0	38.604109589041094	2.3315508021390374	10.843270868824531	0.0	0.0	20.188197767145134	46.62861736334405	81.10162601626017	18.404726735598228	35.69068541300527	21.9264	9.427868852459016	7.2404692082111435	10.372628726287262	4.167375886524822	4.445816186556927	244.5820029027576	156.08085106382978	54.337878787878786	34.86006289308176	17.334384858044164	8.135220125786164	40.47047970479705	11.569400630914826	11.582905982905983	0.9092140921409214	2.75	1.4665226781857452	18.05	29.655359565807327	2.623762376237624	55.89247311827957	67.32085561497327	84.91290322580645	50.74792243767313
S213_Ribosomal_S2_506942	98.6	Bacteria	Bacillota_A	Clostridia	Lachnospirales	Lachnospiraceae	Butyrivibrio_A	Butyrivibrio_A crossotus	0.0	0.0	0.0	0.0	0.0	0.0	0.11618257261410789	0.0	0.25925925925925924	0.0	0.0	0.0	0.0	0.0	0.0	0.0	2.2341772151898733	0.0	0.30313588850174217	0.593103448275862	0.27734375	1.1358024691358024	0.0	0.0	0.0	0.0	0.0	0.0	0.0	0.0	6.36896551724138	0.0	6.2507374631268435	0.0	0.0	0.0	0.0
S213_Ribosomal_S2_484927	99.6	Bacteria	Bacillota_A	Clostridia	Oscillospirales	Ruminococcaceae	Ruminococcus_C	Ruminococcus_C callidus	0.0	0.0	7.709677419354839	12.090625	4.626617375231054	0.0	3.453068592057762	0.0	0.0	0.0	0.0	0.0	3.2027833001988073	11.021707670043416	2.3930885529157666	13.407912687585267	8.25	3.1066126855600538	8.979559748427674	1.962432915921288	2.2743682310469313	0.5685920577617328	3.567986230636833	6.698142414860681	18.123626373626372	58.56065573770492	42.11064425770308	0.0	0.0	0.0	62.661218424962854	12.565862708719852	29.085798816568047	5.5424354243542435	7.487837837837838	11.34991974317817	4.537842190016103
S213_Ribosomal_S2_417344	100.0	Bacteria	Actinomycetota	Actinomycetia	Actinomycetales	Bifidobacteriaceae	Bifidobacterium	Bifidobacterium adolescentis	0.0	0.0	327.3402203856749	109.0427807486631	295.9795361527967	1247.6291208791208	234.67868338557994	415.00670016750416	146.33211233211233	272.343365253078	463.5471406491499	379.2692307692308	38.79300699300699	40.12556732223903	42.12621359223301	25.984126984126984	54.02173913043478	29.08776978417266	24.594904458598727	25.226876090750437	116.35007385524372	67.76499388004896	219.3247344461305	177.0126382306477	63.21891418563923	1432.9718934911243	366.1191626409018	427.8068862275449	1817.1988041853513	1196.8931888544892	599.2895125553914	440.52282768777616	274.61348005502066	662.4091539528433	624.1397058823529	462.7152145643693	239.81642512077295
S213_Ribosomal_S2_80461	100.0	Bacteria	Bacillota_A	Clostridia	Oscillospirales	Oscillospiraceae	Faecousia	Faecousia sp900540635	0.0	0.0	0.8273155416012559	3.9526916802610113	0.0	0.0	0.0	0.0	0.0	0.0	0.0	0.0	20.055555555555557	14.933810375670841	5.818611987381703	5.983493810178817	0.0	1.8373983739837398	0.7761989342806395	0.0	21.51851851851852	15.4765625	20.615526802218113	21.626074498567334	0.0	2.7756653992395437	4.668021680216802	1.5867208672086721	4.493525179856115	4.695009242144177	28.822443181818183	11.82226211849192	10.2316715542522	4.951219512195122	1.1258620689655172	7.681114551083591	0.0
S213_Ribosomal_S2_268881	100.0	Bacteria	Bacillota_A	Clostridia	Oscillospirales	Oscillospiraceae	Faecousia	Faecousia sp003525905	0.0	0.0	0.0	0.0	0.0	0.0	2.55625	0.0	0.0	0.0	0.0	0.0	0.0	0.5251798561151079	0.0	0.0	0.0	0.0	0.0	0.8864265927977839	4.7450495049504955	0.0	11.846820809248555	15.18639053254438	0.0	0.0	16.072972972972973	0.2152777777777778	0.0	0.9745370370370371	34.445402298850574	3.9473684210526314	1.5159010600706713	5.219101123595506	4.111111111111111	1.4907407407407407	1.4401294498381878
S213_Ribosomal_S2_268882	100.0	Bacteria	Bacillota_A	Clostridia	Oscillospirales	Oscillospiraceae	Faecousia	Faecousia sp017399355	0.0	0.0	0.0	0.0	0.0	0.0	10.234375	0.0	0.0	0.0	0.0	0.0	0.0	0.46875	0.0	0.0	8.0	0.0	0.0	0.0	4.135416666666667	0.0	21.34090909090909	13.20253164556962	0.0	0.0	29.180851063829788	8.833333333333334	1.75	0.0	29.085714285714285	9.943661971830986	0.0	4.458333333333333	0.0	0.07291666666666667	0.0
S213_Ribosomal_S2_5715	100.0	Bacteria	Bacillota_A	Clostridia	Oscillospirales	Ruminococcaceae	Ruminococcus_D	None	0.0	0.0	5.568773234200743	0.0	0.0	0.0	0.0	0.0	12.303206997084548	101.52681388012618	18.53968253968254	53.70070422535211	0.0	0.0	0.0	0.0	3.996282527881041	0.0	1.4108527131782946	1.302325581395349	0.0	0.0	0.0	0.0	3.677685950413223	0.0	0.0	0.0	0.0	0.0	7.811764705882353	0.0	0.0	3.208469055374593	2.490956072351421	0.0	1.5607235142118863
S213_Ribosomal_S2_464480	100.0	Bacteria	Bacillota_A	Clostridia	Lachnospirales	Lachnospiraceae	Agathobacter	Agathobacter rectalis	0.0	0.0	162.32225913621264	49.5565749235474	22.623063683304647	2.339966832504146	837.8976157082749	130.74204946996466	88.54527162977867	493.93135435992576	235.3353846153846	525.3027108433735	404.80833333333334	375.6270718232044	492.2878787878788	780.5710306406685	459.7416666666667	152.94704992435703	443.6261829652997	297.55467511885894	219.43527204502814	111.61962134251291	171.94728434504793	157.92022008253096	199.34585289514868	321.08038147138967	176.56590257879657	122.72076023391813	782.7378497790869	1159.6564774381368	54.93192868719611	139.85311572700297	92.29846582984658	33.372688477951634	26.916370106761565	290.6779661016949	92.0648918469218
S213_Ribosomal_S2_461921	97.8	Bacteria	Bacillota_A	Clostridia	Lachnospirales	Lachnospiraceae	Blautia_A	Blautia_A obeum	0.0	0.0	29.24935064935065	71.28571428571429	43.05792682926829	865.4013605442177	88.78527607361963	95.03174603174604	32.666666666666664	87.37414965986395	27.717821782178216	101.26530612244898	160.07709750566895	119.93197278911565	98.60997732426304	87.859375	85.01315789473684	33.98016997167139	220.3341968911917	105.28187919463087	106.8409090909091	58.84313725490196	117.25740318906605	93.48086124401914	36.89569160997733	18.375739644970412	18.984	10.523696682464456	62.54145077720207	65.29076086956522	13.392215568862275	37.1131498470948	10.578947368421053	63.945578231292515	39.53488372093023	10.696245733788396	6.9977324263038545
S213_Ribosomal_S2_28772	100.0	Bacteria	Bacteroidota	Bacteroidia	Bacteroidales	Bacteroidaceae	Alloprevotella	Alloprevotella sp900541575	0.0	0.0	0.7574578469520103	0.0	0.0	0.0	0.0	0.0	0.0	0.0	0.0	0.0	0.0	0.7276264591439688	0.39169909208819714	0.0	24.815905743740796	9.837209302325581	6.892143808255659	2.172348484848485	28.475046210720887	13.725217391304348	64.70535714285714	55.47003154574133	0.0	0.0	0.0	0.0	0.0	0.0	9.764415156507413	0.0	0.0	0.33852140077821014	0.0	5.556291390728477	5.942934782608695
S213_Ribosomal_S2_3176	100.0	Bacteria	Actinomycetota	Coriobacteriia	Coriobacteriales	Eggerthellaceae	Anaerotardibacter	None	0.0	0.0	0.0	0.0	0.0	0.0	0.0	0.0	0.0	0.0	0.0	0.0	0.0	0.0	0.0	0.0	0.0	0.0	0.0	0.0	8.319672131147541	1.3185185185185184	0.0	0.17777777777777778	3.422222222222222	0.0	1.674074074074074	0.0	0.0	0.0	2.9185185185185185	4.496296296296296	0.9037037037037037	0.0	0.0	0.0	0.0
S213_Ribosomal_S2_522346	100.0	Bacteria	Bacteroidota	Bacteroidia	Bacteroidales	Rikenellaceae	Alistipes	Alistipes shahii	0.0	0.0	3.291223404255319	74.41836734693878	129.4005201560468	0.8177777777777778	4.176969696969697	0.0	12.853629976580796	8.394405594405594	0.0	1.1822222222222223	17.12923076923077	7.094972067039106	0.0	6.085872576177286	7.782303370786517	4.126344086021505	1.3831775700934579	6.34280303030303	119.26773455377574	92.80261437908497	76.62443946188341	66.13933415536376	37.80561797752809	45.319424460431655	30.845288326300984	63.89460784313726	16.266666666666666	21.834444444444443	54.56538969616909	23.374444444444446	13.839887640449438	24.83554376657825	24.9800796812749	62.55905511811024	16.092460881934567
S213_Ribosomal_S2_61039	100.0	Bacteria	Bacillota	Bacilli	RF39	UBA660	CAG-533	CAG-533 sp905236935	0.0	0.0	0.0	0.0	0.0	0.0	0.0	0.0	0.0	0.0	0.0	0.0	0.0	0.0	0.0	0.0	0.0	0.0	0.0	0.0	0.0	0.0	0.0	0.0	0.0	0.0	0.0	0.0	0.0	0.0	5.242424242424242	1.9620758483033933	6.488	1.183632734530938	0.2834331337325349	0.0	0.0
S213_Ribosomal_S2_74356	100.0	Bacteria	Bacillota_A	Clostridia	Lachnospirales	Lachnospiraceae	Dorea	Dorea formicigenerans	0.0	0.0	4.509138381201044	9.57394366197183	7.291044776119403	0.0	9.670391061452515	225.94985250737463	31.243506493506494	49.61421319796954	36.86705202312139	90.55988023952096	59.002857142857145	53.025510204081634	113.78614457831326	88.8076923076923	21.681592039800996	8.039800995024876	60.45783132530121	38.9873417721519	33.45273631840796	19.85820895522388	42.37602179836512	39.81699346405229	10.323308270676693	21.85323383084577	17.941333333333333	5.885572139303482	26.633136094674555	20.061093247588424	10.351145038167939	15.719626168224298	3.699004975124378	24.428134556574925	35.00636942675159	13.808457711442786	3.471186440677966
S213_Ribosomal_S2_194165	96.5	Bacteria	Bacteroidota	Bacteroidia	Bacteroidales	Muribaculaceae	Limisoma	None	0.0	0.0	10.210235131396956	46.03612479474548	42.58321273516643	0.0	0.0	0.0	0.0	0.0	0.0	0.0	18.788753799392097	14.145310435931307	0.0	6.639759036144579	47.06060606060606	24.914560770156438	5.3586309523809526	6.427762039660057	122.74351145038167	78.85007974481658	89.20860495436767	69.91978609625669	0.0	0.0	0.0	0.0	0.0	0.0	26.41471048513302	53.84577114427861	53.710651828298886	33.784574468085104	26.15141955835962	81.01283880171184	32.99249061326658
S213_Ribosomal_S2_491126	99.6	Bacteria	Bacillota_A	Clostridia	Oscillospirales	Oscillospiraceae	Faecousia	Faecousia sp900549705	0.0	0.0	5.2895569620253164	25.164404223227752	11.936363636363636	0.0	6.877947295423024	0.0	1.6782752902155886	4.4739803094233475	0.0	2.3645833333333335	2.420765027322404	2.521857923497268	1.4125683060109289	0.0	30.105357142857144	10.040697674418604	16.850282485875706	15.20551724137931	2.1440972222222223	3.8577712609970676	0.0	0.0	2.738819320214669	0.0	4.966666666666667	15.90566037735849	4.2139800285306706	0.0	80.07155025553662	22.286541244573083	8.452420701168615	28.89666666666667	31.836267605633804	14.422182468694096	6.296774193548387
S213_Ribosomal_S2_204407	97.2	Bacteria	Bacillota_A	Clostridia	Christensenellales	CAG-74	Fimadaptatus	Fimadaptatus faecigallinarum	0.0	0.0	0.8911222780569514	0.0	0.0	0.0	0.0	0.0	0.0	0.0	0.0	0.0	10.740103270223752	12.354330708661417	7.63400576368876	7.901606425702811	4.509687034277198	0.0	3.1284246575342465	2.465587044534413	3.0663956639566394	2.378299120234604	5.014084507042254	7.53960396039604	1.6045883940620782	2.2564102564102564	2.7917981072555205	6.368525896414343	1.2415654520917678	9.135775862068966	9.349085365853659	9.58456486042693	1.7573099415204678	10.767402376910017	1.6666666666666667	5.869742198100407	1.1862348178137652
S213_Ribosomal_S2_252536	96.7	Bacteria	Bacillota_A	Clostridia	Oscillospirales	CAG-382	UMGS1052	UMGS1052 sp900548115	0.0	0.0	0.0	0.0	0.0	0.0	0.0	0.0	0.0	0.0	0.0	0.0	0.0	0.0	0.0	0.0	0.0	0.0	0.0	0.0	0.0	0.0	0.0	0.0	0.0	0.0	0.0	0.0	0.0	0.0	8.170212765957446	0.0	0.0	0.0	0.0	0.0	0.34710743801652894
S213_Ribosomal_S2_525435	100.0	Bacteria	Bacillota_A	Clostridia	Oscillospirales	Butyricicoccaceae	Agathobaculum	None	0.0	0.0	68.9635922330097	9.183368869936034	7.225316455696203	0.0	61.33860045146727	77.02102102102103	49.54794520547945	22.28494623655914	42.08578431372549	57.032697547683924	4.589211618257261	5.928571428571429	0.0	1.498015873015873	23.622549019607842	3.92722371967655	20.979310344827585	11.24092409240924	28.380053908355794	23.140229885057472	41.54639175257732	30.069364161849713	8.448529411764707	5.20995670995671	15.85981308411215	57.087606837606835	51.32824427480916	52.6865671641791	4.554016620498615	16.78174603174603	21.88995215311005	9.30967741935484	8.267796610169492	3.0451977401129944	1.1630901287553648
S213_Ribosomal_S2_408196	100.0	Bacteria	Bacillota_A	Clostridia	Christensenellales	UBA1750	Spyradocola	Spyradocola sp905193155	0.0	0.0	0.0	0.0	0.0	0.0	0.0	0.0	0.0	0.0	0.0	0.0	0.0	0.0	0.0	0.0	0.0	0.0	0.0	0.0	0.0	0.0	0.0	0.0	0.0	0.0	0.0	0.0	0.0	0.0	26.534992223950233	6.334782608695652	0.0	0.947098976109215	0.7860780984719864	0.0	0.0
S213_Ribosomal_S2_328848	100.0	Bacteria	Bacillota_A	Clostridia	Oscillospirales	Ruminococcaceae	Faecalibacterium	None	0.0	0.0	124.09941520467837	186.8515625	211.26817042606515	29.79665071770335	247.66398390342053	509.6678700361011	386.03275529865124	327.6238738738739	97.52930728241563	271.7511520737327	422.24163568773236	419.19117647058823	196.2544731610338	245.59235668789808	165.3826530612245	80.94263862332696	411.51077586206895	286.2764423076923	323.706329113924	218.85141509433961	232.64864864864865	131.54683544303796	310.39138240574505	69.52830188679245	217.46031746031747	186.46	165.7391304347826	310.8102345415778	149.7030303030303	154.0142517814727	66.77494692144374	128.6138613861386	123.49404761904762	140.53411764705882	69.38490566037736
S213_Ribosomal_S2_225425	100.0	Bacteria	Bacteroidota	Bacteroidia	Bacteroidales	Bacteroidaceae	Prevotella	None	0.0	0.0	0.0	0.0	0.0	0.0	0.0	0.0	0.0	0.0	0.0	0.0	3.2453333333333334	0.0	2.541333333333333	3.7048710601719197	0.0	0.0	0.0	0.0	0.0	0.0	0.0	0.0	0.0	0.0	0.0	0.0	0.0	0.0	11.821333333333333	0.0	0.0	0.0	0.0	0.0	0.0
S213_Ribosomal_S2_79507	99.6	Bacteria	Bacillota	Bacilli	Lactobacillales	Lactobacillaceae	Ligilactobacillus	Ligilactobacillus ruminis	0.0	0.0	0.0	0.0	0.0	0.0	0.0	0.0	0.0	0.0	0.0	0.0	0.0	0.0	0.0	0.0	0.0	0.0	0.4981132075471698	0.0	0.0	0.0	24.902898550724636	34.56317204301075	0.0	0.0	0.0	0.0	0.0	0.0	32.4785373608903	215.21022727272728	158.98230088495575	0.0	0.0	0.0	0.0
S213_Ribosomal_S2_364692	100.0	Bacteria	Actinomycetota	Coriobacteriia	Coriobacteriales	Eggerthellaceae	Anaerotardibacter	None	0.0	0.0	0.0	0.0	0.0	0.0	0.0	0.0	0.0	0.0	0.0	0.0	0.0	0.0	0.0	0.0	0.0	0.0	0.0	0.0	5.135135135135135	2.6816901408450704	0.0	3.2325581395348837	3.586206896551724	1.187624750499002	0.0	0.0	0.0	0.0	6.4292343387471	12.352813852813853	2.856512141280353	0.0	0.0	0.0	0.0
S213_Ribosomal_S2_309397	100.0	Bacteria	Bacillota_A	Clostridia	Oscillospirales	Acutalibacteraceae	CAG-488	CAG-488 sp000434055	0.0	0.0	0.0	0.0	0.0	0.0	0.0	0.0	0.0	0.0	0.0	0.0	15.328034682080926	7.40669014084507	0.0	0.0	0.0	0.0	0.0	0.0	0.0	0.0	0.0	0.0	0.0	0.0	0.0	0.0	0.0	0.0	100.60757575757576	56.567662565905096	27.320066334991708	4.945355191256831	1.3027210884353742	0.6458333333333334	0.703551912568306
S213_Ribosomal_S2_415389	99.2	Bacteria	Bacillota_A	Clostridia	Oscillospirales	Oscillospiraceae	Faecousia	Faecousia sp900544945	0.0	0.0	1.5851602023608768	0.0	1.3866432337434096	0.0	0.0	0.0	0.0	0.0	0.0	0.0	7.572	9.871715610510046	6.851576994434137	4.144499178981937	0.0	2.0972222222222223	0.17777777777777778	3.3022151898734178	10.474714518760196	9.215602836879432	10.377777777777778	2.9351535836177476	0.0	0.9125560538116592	0.9037328094302554	1.1583333333333334	3.5031055900621118	3.209813874788494	28.521514629948364	7.130307467057101	3.3378378378378377	3.4964936886395512	2.951827242524917	8.142131979695431	1.525179856115108
S213_Ribosomal_S2_155295	100.0	Bacteria	Bacillota_A	Clostridia	Lachnospirales	Lachnospiraceae	Choladousia	Choladousia sp902363135	0.0	0.0	0.0	0.0	10.981818181818182	0.0	12.775510204081632	0.0	0.0	0.0	2.1454545454545455	1.187878787878788	26.409395973154364	12.327272727272728	16.333333333333332	29.220183486238533	6.206060606060606	9.613861386138614	18.563758389261746	7.806060606060606	10.642424242424243	3.987878787878788	4.493243243243243	1.6848484848484848	5.610062893081761	5.119718309859155	8.563636363636364	0.0	5.593548387096774	4.672727272727273	15.133333333333333	3.4363636363636365	0.0	12.93939393939394	7.260606060606061	5.91044776119403	0.15151515151515152
S213_Ribosomal_S2_531103	100.0	Bacteria	Bacillota_A	Clostridia	Oscillospirales	Oscillospiraceae	Faecousia	Faecousia sp017440925	0.0	0.0	0.0	0.0	0.0	0.0	0.0	0.0	0.0	0.0	0.0	0.0	2.2058823529411766	0.0	0.7857142857142857	0.0	0.0	0.0	0.0	0.0	4.985294117647059	7.236180904522613	0.4013605442176871	3.9622641509433962	0.0	0.0	0.0	0.0	0.0	0.7352941176470589	11.504901960784315	13.26271186440678	3.8797468354430378	0.0	1.0049019607843137	0.0	0.0
S213_Ribosomal_S2_166561	100.0	Bacteria	Bacillota_A	Clostridia	None	None	None	None	0.0	0.0	0.34615384615384615	0.0	0.0	0.0	0.0	0.0	0.0	0.0	0.0	0.0	10.892857142857142	8.035714285714286	7.8307692307692305	7.120481927710843	0.0	0.0	2.6923076923076925	3.738095238095238	4.382978723404255	6.140845070422535	18.1125	3.235294117647059	0.9285714285714286	0.0	0.0	0.0	15.035714285714286	0.0	0.0	0.9166666666666666	0.0	7.738095238095238	7.265625	7.988095238095238	2.8214285714285716
S213_Ribosomal_S2_154786	100.0	Bacteria	Actinomycetota	Actinomycetia	Actinomycetales	Bifidobacteriaceae	Bifidobacterium	Bifidobacterium kashiwanohense_A	0.0	0.0	0.0	63.77647058823529	25.43859649122807	692.0581818181818	109.86430678466077	241.87209302325581	49.716738197424895	76.35483870967742	4.058997050147493	162.8996138996139	24.866883116883116	11.529411764705882	23.92391304347826	13.335504885993485	23.705479452054796	14.395280235988201	10.156342182890855	3.061946902654867	0.0	0.0	0.1887905604719764	0.0471976401179941	42.592592592592595	1018.1931818181819	94.69888475836431	47.99705014749262	322.4874551971326	461.7162162162162	24.88738738738739	40.476027397260275	0.0	1.7817109144542773	2.672566371681416	3.5545722713864305	3.2602230483271377
S213_Ribosomal_S2_442020	100.0	Bacteria	Bacillota_A	Clostridia	Oscillospirales	Ruminococcaceae	Faecalibacterium	None	0.0	0.0	61.83265306122449	165.66666666666666	1.8423913043478262	5.311557788944723	254.84037558685446	132.2937062937063	347.9019607843137	397.8421052631579	54.58762886597938	41.4	312.1127450980392	331.8704663212435	91.10243902439025	137.9740932642487	100.7860696517413	33.329896907216494	201.95408163265307	152.80861244019138	182.62439024390244	108.65292096219932	43.93814432989691	51.6426116838488	483.7170731707317	87.34707903780068	375.2383419689119	103.95102040816326	59.03092783505155	222.80346820809248	78.15985130111524	36.103092783505154	26.958847736625515	50.25	47.55203619909502	29.9875	24.027491408934708
S213_Ribosomal_S2_62629	100.0	Bacteria	Bacillota_C	Negativicutes	Veillonellales	Dialisteraceae	Allisonella	Allisonella histaminiformans	0.0	0.0	0.0	0.0	0.0	0.0	13.849462365591398	0.0	0.0	0.0	0.0	0.0	5.2080123266563945	0.9758064516129032	0.0	0.0	2.649295774647887	0.5134408602150538	24.291666666666668	7.385245901639344	2.3651315789473686	2.4762611275964392	2.073136427566807	0.8118279569892473	0.0	0.0	0.0	1.0711805555555556	6.179310344827586	6.298921417565485	5.072784810126582	5.855243722304284	1.5462478184991273	0.0	0.0	2.3830645161290325	0.7049742710120068
S213_Ribosomal_S2_503972	100.0	Bacteria	Cyanobacteriota	Vampirovibrionia	Gastranaerophilales	Gastranaerophilaceae	Stercorousia	Stercorousia sp001765415	0.0	0.0	0.0	0.0	0.0	0.0	0.0	0.0	0.0	0.0	0.0	0.0	0.0	0.7661498708010336	0.5297157622739018	0.39147286821705424	23.881203007518796	7.466757123473541	0.0	0.0	0.0	0.0	0.0	0.0	0.0	0.0	0.0	0.0	0.0	0.0	0.0	0.9664082687338501	7.205479452054795	0.0	0.0	0.3888888888888889	0.0
S213_Ribosomal_S2_260778	100.0	Bacteria	Bacillota_A	Clostridia	Oscillospirales	Acutalibacteraceae	Ruminococcus_E	None	0.0	0.0	0.0	10.731972789115646	23.16734693877551	0.0	728.0905923344948	0.0	0.0	0.0	85.31661891117479	0.0	80.03410641200546	73.48707482993197	24.706122448979592	50.95374149659864	3.119929453262787	1.6843537414965986	2.8747913188647747	0.6004901960784313	26.749659863945578	10.389728096676738	0.0	0.0	64.80680272108843	210.75510204081633	129.2108843537415	9.863945578231293	0.0	45.532710280373834	42.60761346998536	0.0	6.179794520547945	498.21496598639453	355.88843537414965	187.00544217687076	34.9536
S213_Ribosomal_S2_208559	100.0	Bacteria	Bacillota_A	Clostridia	Lachnospirales	Lachnospiraceae	Anaerobutyricum	None	0.0	0.0	8.220367278797996	8.935792349726777	5.495440729483283	477.9842022116904	14.384370015948964	55.605172413793106	13.690962099125365	51.11273792093704	19.973333333333333	83.7915309446254	138.65483870967742	124.62949640287769	59.672881355932205	72.7883817427386	29.683087027914613	10.637978142076502	118.30327868852459	82.0726429675425	72.76190476190476	34.4070945945946	97.4661921708185	100.34843205574913	28.87847222222222	67.56948640483384	71.90593342981187	14.651197604790418	89.48780487804878	88.22297297297297	17.221311475409838	23.35810810810811	5.152823920265781	75.74570446735395	50.55464480874317	64.34585289514867	7.919839679358717
S213_Ribosomal_S2_230578	100.0	Bacteria	Verrucomicrobiota	Verrucomicrobiae	Opitutales	CAG-312	Merdousia	Merdousia sp900548275	0.0	0.0	0.0	0.0	0.0	0.0	0.0	0.0	0.0	0.0	0.0	0.0	0.0	0.0	0.0	0.0	0.0	0.0	0.0	0.0	0.0	0.0	0.0	0.0	0.0	0.0	0.0	0.0	0.0	0.0	29.116863905325445	0.0	0.0	0.0	0.0	0.0	0.0
S213_Ribosomal_S2_434354	100.0	Bacteria	Bacillota_A	Clostridia	Christensenellales	CAG-138	Phil1	Phil1 sp001940855	0.0	0.0	0.0	0.0	0.0	0.0	0.0	0.0	0.0	0.0	0.0	0.0	0.0	0.0	0.0	0.0	0.0	0.0	0.0	0.0	0.0	0.0	0.0	0.0	0.0	0.0	0.0	0.0	0.0	0.0	9.133016627078385	0.0	0.0	10.566358024691358	3.186688311688312	0.7183098591549296	4.156989247311828
S213_Ribosomal_S2_347315	95.3	Bacteria	Pseudomonadota	Gammaproteobacteria	Burkholderiales	Burkholderiaceae_A	Sutterella	None	0.0	0.0	0.0	2.5763239875389408	0.0	0.0	0.0	0.0	1.881619937694704	0.0	0.0	0.0	0.0	0.8130841121495327	0.0	2.3426791277258565	1.5950155763239875	0.5264797507788161	1.1441048034934498	0.0	0.0	1.8317757009345794	0.0	0.0	0.0	2.822429906542056	10.28169014084507	0.0	14.429203539823009	25.191235059760956	1.3862928348909658	2.5919003115264796	3.0809968847352023	0.0	0.0	0.8317757009345794	0.0
S213_Ribosomal_S2_465077	100.0	Bacteria	Bacillota_A	Clostridia	Lachnospirales	Lachnospiraceae	KLE1615	None	0.0	0.0	16.315112540192928	0.0	0.0	0.9496402877697842	36.236486486486484	63.409677419354836	31.16030534351145	44.374149659863946	14.555944055944057	125.68862275449102	19.862068965517242	5.613114754098361	41.348993288590606	7.6016713091922	4.154034229828851	4.424460431654676	5.532374100719425	2.1486810551558753	19.021164021164022	6.241813602015113	24.09036144578313	29.27051671732523	11.690647482014388	0.0	7.679045092838196	0.0	25.55944055944056	15.03834808259587	17.766666666666666	6.122302158273381	1.0335731414868106	0.0	0.0	0.9256594724220624	0.31414868105515587
S213_Ribosomal_S2_413366	99.6	Bacteria	Bacillota_A	Clostridia	Oscillospirales	Oscillospiraceae	CAG-170	CAG-170 sp934661135	0.0	0.0	2.842896174863388	0.0	0.0	0.0	0.0	0.0	0.0	0.0	0.0	0.0	3.2553542009884677	3.1458333333333335	0.0	1.0956284153005464	1.4327868852459016	0.0	0.8579335793357934	2.681693989071038	4.21448087431694	2.6117136659436007	1.6621880998080614	0.962432915921288	0.9320557491289199	1.7076502732240437	8.317073170731707	2.4371584699453552	1.3768996960486322	0.0	28.693478260869565	17.71311475409836	5.464788732394366	16.66907514450867	6.026978417266187	11.03950103950104	5.980842911877395
S213_Ribosomal_S2_254135	100.0	Bacteria	Bacillota_A	Clostridia	Lachnospirales	Lachnospiraceae	Fusicatenibacter	Fusicatenibacter saccharivorans	0.0	0.0	54.991578947368424	79.12252252252252	172.97477477477477	0.0	341.4375	759.012027491409	243.0705467372134	483.3803278688525	191.28189300411523	508.7846410684474	616.7140255009108	514.34375	230.78600823045267	265.7968253968254	41.23993558776167	26.04201680672269	243.784	154.72727272727272	445.6825127334465	279.28384991843393	64.43500866551126	44.603421461897355	244.9170579029734	72.31446540880503	32.79342723004695	11.109983079526227	264.00165562913907	227.8774319066148	25.476744186046513	41.62042682926829	5.342440801457195	69.48405253283302	51.29158878504673	97.73806078147612	49.19463087248322
S213_Ribosomal_S2_19123	100.0	Bacteria	Bacteroidota	Bacteroidia	Bacteroidales	Bacteroidaceae	Phocaeicola	None	0.0	0.0	9.95357142857143	79.56657608695652	35.095168374816986	1.3384615384615384	352.41832061068703	297.71771217712177	241.2468443197756	232.60165975103735	26.627172195892577	217.62516733601072	31.79287598944591	32.378571428571426	2.4424920127795526	20.628608923884514	3.314387211367673	1.5474339035769828	3.9873060648801126	0.0	76.31661891117479	43.36547619047619	43.986338797814206	21.41269841269841	50.842737094837936	21.090638930163447	78.84275862068965	29.480796586059743	65.47150259067358	94.63164251207729	28.205733558178753	3.9201065246338214	0.0	16.36677115987461	13.263095238095238	45.84303797468355	7.514657980456026
S213_Ribosomal_S2_318139	100.0	Bacteria	Bacillota_A	Clostridia	Oscillospirales	Ruminococcaceae	Gemmiger	None	0.0	0.0	70.38938053097345	43.1	18.33587786259542	728.6208333333333	0.0	130.52238805970148	152.55026455026456	48.61888111888112	54.58874458874459	108.43493150684931	129.8394495412844	100.62878787878788	69.44255319148937	53.753787878787875	40.8744769874477	15.042483660130719	66.45739910313901	47.924	46.57874015748032	39.474137931034484	95.0398406374502	60.732	91.52	3.7844827586206895	66.98770491803279	91.60851063829787	163.38636363636363	181.5	41.974137931034484	18.433098591549296	23.47222222222222	80.60323886639677	63.57727272727273	88.38009049773756	59.77922077922078
S213_Ribosomal_S2_280253	100.0	Bacteria	Bacillota_A	Clostridia	Lachnospirales	Lachnospiraceae	None	None	0.0	0.0	1.3754045307443366	0.0	0.0	0.0	0.28802588996763756	0.0	0.0	0.0	0.0	0.0	0.10355987055016182	0.0	0.0	0.0	0.0	2.825242718446602	0.13592233009708737	0.0	60.83934426229508	64.46846846846847	0.2168284789644013	0.0	0.8284789644012945	0.0	0.10032362459546926	0.9676375404530745	0.0	0.0	13.93939393939394	4.314159292035399	10.753378378378379	0.6213592233009708	0.2977346278317152	0.025889967637540454	0.032362459546925564
S213_Ribosomal_S2_396480	99.3	Bacteria	Bacillota_A	Clostridia	Oscillospirales	Ruminococcaceae	Faecalibacterium	None	0.0	0.0	34.66444444444444	70.15980629539952	99.94836956521739	30.491408934707902	14.531135531135531	45.36619718309859	65.05210918114143	34.921875	12.750972762645915	37.867383512544805	129.58755760368663	129.21836228287842	90.48245614035088	153.56981981981983	17.359322033898305	9.951282051282051	46.09947643979058	15.375404530744337	33.85245901639344	17.773333333333333	35.41057934508816	14.621848739495798	20.61111111111111	8.844884488448844	36.26299694189603	14.95593220338983	62.76444444444444	79.8803611738149	11.179054054054054	15.56686046511628	20.91973244147157	22.599369085173503	30.06514657980456	27.965686274509803	13.926153846153847
S213_Ribosomal_S2_441025	100.0	Bacteria	Actinomycetota	Coriobacteriia	Coriobacteriales	Coriobacteriaceae	Collinsella	None	0.0	0.0	110.16929133858268	110.14516129032258	316.4490398818316	550.9914163090128	139.40798611111111	333.01200686106347	72.01454545454546	174.9863429438543	130.68985507246376	186.38146167557932	306.2628487518355	278.2045855379189	298.2294117647059	272.02244039270687	145.090490797546	70.19204152249135	323.3397435897436	293.2772727272727	199.1113105924596	156.2941176470588	332.6808118081181	258.7070254110613	0.5974025974025974	2.1536351165980796	0.0	390.6882911392405	422.6925373134328	475.6733212341198	426.85687732342006	510.4672727272727	156.37360890302068	533.6214953271028	402.00344234079176	399.1666666666667	155.7936772046589
S213_Ribosomal_S2_487621	100.0	Bacteria	Bacillota_A	Clostridia	Oscillospirales	Oscillospiraceae	None	None	0.0	0.0	1.5272727272727273	0.0	0.0	0.0	0.0	0.0	0.0	0.0	0.0	0.0	3.303030303030303	0.0	0.0	1.5636363636363637	0.0	0.0	0.0	0.0	1.8832116788321167	10.548672566371682	1.587878787878788	0.0	0.0	0.0	11.782608695652174	0.0	0.0	0.0	11.812121212121212	4.4787878787878785	0.9848484848484849	0.0	0.0	0.0	0.0
S213_Ribosomal_S2_224972	100.0	Bacteria	Bacillota_A	Clostridia	Christensenellales	CAG-138	SFEL01	SFEL01 sp004557245	0.0	0.0	0.0	0.0	0.0	0.0	0.0	0.0	0.0	0.0	0.0	0.0	1.3609022556390977	3.20671834625323	1.0888888888888888	0.0	0.0	0.0	0.0	0.0	0.0	0.0	0.0	0.0	5.531772575250836	0.0	0.865296803652968	0.0	0.0	0.0	22.152905198776757	6.198630136986301	0.0	4.639269406392694	7.679558011049724	7.610972568578553	0.0
S213_Ribosomal_S2_69839	99.2	Bacteria	Bacillota_A	Clostridia	Lachnospirales	Lachnospiraceae	Wujia	None	0.0	0.0	0.0	0.0	3.1556350626118066	0.0	0.0	0.0	0.0	0.0	0.0	0.0	21.65583173996176	8.391549295774649	1.3949152542372882	3.369901547116737	7.863894139886578	4.872146118721461	2.493624772313297	1.2178217821782178	91.56752655538695	42.02800658978583	0.7486631016042781	2.7300944669365723	1.1192660550458715	2.0972222222222223	90.36153846153846	0.0	0.0	0.0	41.797570850202426	0.0	11.208695652173914	6.828629032258065	8.541269841269841	2.757664233576642	0.7949152542372881
S213_Ribosomal_S2_404695	95.7	Bacteria	Bacillota_A	Clostridia	Oscillospirales	Oscillospiraceae	CAG-170	CAG-170 sp900549635	0.0	0.0	0.0	0.0	0.0	0.0	0.0	0.0	0.0	0.0	0.0	0.0	8.105555555555556	2.1112696148359484	0.0	0.0	5.188834154351396	0.0	8.127177700348431	6.292436974789916	2.860128617363344	3.387045813586098	0.0	1.6760828625235404	0.8719298245614036	0.0	23.973214285714285	4.193333333333333	1.1263888888888889	0.6848249027237354	21.443017656500803	5.806656101426308	1.9193245778611632	2.5094991364421415	0.6654343807763401	5.610492845786964	5.841666666666667
S213_Ribosomal_S2_548056	99.7	Bacteria	Bacillota_A	Clostridia	TANB77	CAG-508	CAG-273	CAG-273 sp000435755	0.0	0.0	4.80607476635514	0.0	0.0	0.0	0.0	0.0	0.0	0.0	0.0	0.0	0.0	0.0	0.0	0.0	0.0	0.0	0.0	0.0	0.0	0.0	0.0	0.0	0.0	0.0	2.6413199426111906	0.0	0.0	0.0	2.370720188902007	9.526244952893673	0.0	23.603293413173652	16.628125	20.8328125	0.0
S213_Ribosomal_S2_197850	100.0	Bacteria	Bacteroidota	Bacteroidia	Bacteroidales	UBA932	Cryptobacteroides	Cryptobacteroides sp000433355	0.0	0.0	23.361144219308702	0.0	0.0	0.0	0.0	0.0	0.0	0.0	0.0	0.0	0.0	0.0	0.0	0.0	0.0	0.0	0.0	0.0	0.0	0.0	0.0	0.0	0.0	0.0	0.0	0.0	0.0	0.0	458.80263157894734	214.59378881987578	74.01388888888889	0.0	0.0	0.0	0.0
S213_Ribosomal_S2_160987	99.6	Bacteria	Bacillota_A	Clostridia	Oscillospirales	Acutalibacteraceae	CAG-177	CAG-177 sp003538135	0.0	0.0	2.3346938775510204	28.257383966244724	0.0	0.0	0.0	0.0	0.0	0.0	0.0	0.0	15.030959752321982	10.146938775510204	0.2571428571428571	0.0	23.94249649368864	7.486970684039088	6.378335949764521	7.952229299363057	41.23945578231292	28.94139194139194	45.93975903614458	33.230383973288816	7.8	0.0	2.69364161849711	0.0	0.0	0.0	13.332236842105264	5.178233438485805	1.9476047904191616	54.818652849740936	102.51039697542534	124.61	54.484429065743946
S213_Ribosomal_S2_222940	100.0	Bacteria	Bacillota_A	Clostridia	Oscillospirales	Oscillospiraceae	UBA738	None	0.0	0.0	0.0	0.0	0.0	0.0	0.0	0.0	0.0	0.0	0.0	0.0	0.40705128205128205	2.2243589743589745	1.7820512820512822	0.0	0.0	0.0	0.0	0.0	7.214743589743589	0.1958762886597938	2.7435897435897436	0.0	0.0	0.0	0.0	1.0052631578947369	2.9358974358974357	0.0	20.664473684210527	10.652173913043478	3.871794871794872	17.121951219512194	19.307692307692307	21.621794871794872	0.967948717948718
S213_Ribosomal_S2_214751	100.0	Bacteria	Bacillota_A	Clostridia	Lachnospirales	Lachnospiraceae	Mediterraneibacter	Mediterraneibacter faecis	0.0	0.0	20.16464471403813	18.308	10.288793103448276	78.85909090909091	69.56270096463022	67.88737201365188	8.52675585284281	40.1136690647482	14.091559370529328	57.45466666666667	357.66329966329965	299.6109422492401	197.13062409288824	183.48423005565863	136.6466049382716	41.24444444444445	288.0262237762238	206.50159744408947	71.69096209912536	40.63357664233577	69.3800578034682	50.500860585197934	36.9910071942446	83.10338983050848	79.19436201780415	22.58249158249158	131.30577223088923	153.72692307692307	53.56774193548387	95.13015873015873	36.54961832061068	156.56876790830947	130.73692077727952	98.41419141914191	16.885674931129476
S213_Ribosomal_S2_515298	90.9	Bacteria	Actinomycetota	Actinomycetia	Actinomycetales	Bifidobacteriaceae	Bifidobacterium	Bifidobacterium cuniculi	0.0	0.0	41.344086021505376	21.74	24.716814159292035	148.44585987261146	47.30128205128205	62.628571428571426	19.976047904191617	29.589147286821706	48.63559322033898	29.237179487179485	7.520958083832335	8.188311688311689	4.9520547945205475	2.761904761904762	12.821705426356589	6.779761904761905	3.1074380165289255	7.415841584158416	10.083333333333334	10.598290598290598	10.15702479338843	16.466666666666665	9.761290322580646	230.44871794871796	19.966666666666665	58.991150442477874	109.64242424242424	118.24342105263158	32.25190839694657	56.359154929577464	21.517857142857142	38.028301886792455	35.56603773584906	36.88235294117647	24.610169491525422
S213_Ribosomal_S2_163044	100.0	Bacteria	Actinomycetota	Coriobacteriia	Coriobacteriales	Eggerthellaceae	Slackia_A	Slackia_A isoflavoniconvertens	0.0	0.0	20.791176470588237	0.0	17.72933549432739	70.45786963434023	12.901256732495511	0.0	0.0	0.0	0.0	0.0	25.97142857142857	14.238383838383838	7.850515463917525	5.5821114369501466	7.8054794520547945	1.7104913678618858	10.717460317460317	8.657303370786517	9.456637168141594	5.571895424836601	7.145339652448657	3.537109375	0.0	0.0	0.0	11.854660347551343	23.203007518796994	10.574149659863945	34.733062330623305	26.0199203187251	18.059282371294852	35.23032904148784	25.71955128205128	21.610169491525422	7.950413223140496
S213_Ribosomal_S2_214248	100.0	Bacteria	Bacillota_A	Clostridia	Christensenellales	Borkfalkiaceae	UBA10281	None	0.0	0.0	0.0	0.0	0.0	0.0	0.0	0.0	0.0	0.0	0.0	0.0	0.8290155440414507	0.0	0.0	0.0	0.6172106824925816	0.0	0.0	0.0	0.0	0.0	0.0	0.0	0.0	0.0	0.0	0.0	0.0	0.0	4.925619834710743	1.9002525252525253	3.9726858877086495	0.0	0.0	0.0	0.0
S213_Ribosomal_S2_101611	100.0	Bacteria	Bacillota_A	Clostridia	Oscillospirales	Butyricicoccaceae	Agathobaculum	Agathobaculum sp944380945	0.0	0.0	0.041884816753926704	0.881326352530541	0.0	0.0	0.0	0.0	0.39790575916230364	0.0	0.0	0.0	15.417102966841187	16.104712041884817	0.0	0.7678883071553229	0.0	0.0	0.0	0.43455497382198954	8.089005235602095	0.36	0.0	0.0	0.0	0.0	0.0	0.0	0.0	0.0	15.598095238095238	0.7411003236245954	9.31064572425829	10.923211169284468	3.449678800856531	4.0680628272251305	1.917960088691796
S213_Ribosomal_S2_248043	97.3	Bacteria	Bacillota_A	Clostridia	Oscillospirales	Ruminococcaceae	CAG-115	CAG-115 sp003531585	0.0	0.0	0.0	0.0	0.0	0.0	0.0	0.0	0.0	0.0	0.0	0.0	0.0	0.0	0.0	0.0	0.0	0.0	1.1441441441441442	0.0	0.0	0.0	0.0	0.0	0.0	0.0	0.0	0.0	0.0	0.0	3.3655172413793104	3.51980198019802	0.0	0.0	4.5225225225225225	0.0	0.0
S213_Ribosomal_S2_259820	97.1	Bacteria	Bacillota_A	Clostridia	Lachnospirales	Lachnospiraceae	Roseburia	Roseburia sp900550935	0.0	0.0	7.723608445297505	0.0	0.94824016563147	0.0	8.394472361809045	0.0	15.036876355748372	14.056565656565656	2.1336206896551726	18.17801047120419	1.364321608040201	1.7129186602870814	0.0	0.0	1.535175879396985	2.2003642987249545	1.4042553191489362	0.7277936962750716	6.409326424870466	4.170068027210885	6.63298969072165	4.049250535331906	48.62197802197802	2.0833333333333335	13.134529147982063	17.050526315789472	2.336188436830835	4.227138643067847	9.315914489311163	0.6336633663366337	6.567901234567901	30.706521739130434	14.027322404371585	18.141153081510936	6.064587973273942
S213_Ribosomal_S2_172783	100.0	Bacteria	Bacillota	Bacilli	RF39	UBA660	UBA6448	None	0.0	0.0	0.0	0.0	0.0	0.0	0.0	0.0	0.0	0.0	0.0	0.0	0.0	0.0	0.0	0.0	0.0	0.0	0.0	0.0	0.0	0.0	0.0	0.0	0.0	0.0	0.0	0.0	0.0	0.0	19.396860986547086	0.0	3.3731587561374794	3.491638795986622	3.336448598130841	0.0	0.0
S213_Ribosomal_S2_91888	100.0	Bacteria	Bacillota_A	Clostridia	Lachnospirales	Lachnospiraceae	Eubacterium_G	Eubacterium_G sp000435815	0.0	0.0	18.823863636363637	0.5913978494623656	8.36734693877551	0.0	33.267716535433074	27.83974358974359	13.148514851485148	17.295698924731184	6.93010752688172	30.83211678832117	16.142011834319526	32.33112582781457	5.993377483443709	12.285714285714286	8.549668874172186	0.0	9.63978494623656	5.467741935483871	26.129943502824858	1.0806451612903225	7.653631284916201	7.956989247311828	27.419354838709676	9.731182795698924	8.290322580645162	4.701388888888889	0.0	4.080645161290323	9.865591397849462	5.962365591397849	13.4070796460177	41.06896551724138	10.941558441558442	14.75	6.322033898305085
S213_Ribosomal_S2_256240	100.0	Bacteria	Bacillota_A	Clostridia	Christensenellales	CAG-74	RUG11247	RUG11247 sp902767315	0.0	0.0	0.0	0.0	0.0	0.0	0.0	0.0	0.0	0.0	0.0	0.0	0.0	1.597883597883598	0.0	0.0	0.0	0.0	0.0	0.0	0.0	0.0	0.0	0.0	0.0	0.0	0.0	0.0	0.0	0.0	7.436507936507937	6.169741697416974	0.0	5.445714285714286	2.002645502645503	2.0634920634920637	0.0
S213_Ribosomal_S2_253684	98.7	Bacteria	Bacteroidota	Bacteroidia	Bacteroidales	Bacteroidaceae	Prevotella	Prevotella sp900553595	0.0	0.0	3.00187265917603	0.4250936329588015	1.5767790262172285	0.0	0.0	0.0	0.0	0.0	0.0	0.0	0.4307116104868914	0.5093632958801498	1.1310861423220975	4.059925093632959	6.567415730337078	0.9887640449438202	0.0	1.5168539325842696	0.0	0.0	0.7902621722846442	4.629213483146067	0.0	0.26217228464419473	0.4232209737827715	0.0	0.0	0.0	15.612334801762115	1.6179775280898876	4.815884476534296	0.0	0.0	0.0	0.0
S213_Ribosomal_S2_311540	99.6	Bacteria	Bacillota_A	Clostridia	Oscillospirales	Acutalibacteraceae	Eubacterium_R	Eubacterium_R sp000436835	0.0	0.0	59.87007299270073	0.0	0.0	0.0	1.1916329284750338	3.6666666666666665	1.2847503373819162	0.18893387314439947	1.0850202429149798	15.562753036437247	0.9122807017543859	0.3292847503373819	14.527824620573355	66.53344768439108	26.92084942084942	9.006309148264984	20.395644283121598	21.66111111111111	34.03846153846154	27.964912280701753	29.96006144393241	14.699115044247788	0.0	0.9838056680161943	0.6950067476383266	0.0	1.4898785425101215	2.1605937921727394	54.68130081300813	16.525801952580196	9.572854291417165	109.47877758913413	74.89689034369886	60.75242718446602	11.421276595744681
S213_Ribosomal_S2_494838	99.4	Bacteria	Bacillota_A	Clostridia	Lachnospirales	Lachnospiraceae	Choladousia	Choladousia sp902363135	0.0	0.0	4.3618421052631575	3.04040404040404	7.774410774410774	0.5575620767494357	13.976271186440679	6.662004662004662	9.146464646464647	5.779620853080568	1.1481481481481481	5.697516930022573	38.7510460251046	28.02065404475043	23.58786610878661	21.536878216123498	7.76491862567812	4.215034965034965	16.350877192982455	9.039115646258503	14.482905982905983	9.795811518324607	8.52020202020202	16.269896193771626	9.659274193548388	14.437710437710438	4.1645569620253164	3.542087542087542	6.3743409490333915	10.609375	33.31443298969072	3.952153110047847	1.6910994764397906	8.902313624678664	2.756544502617801	18.474025974025974	1.351063829787234
S213_Ribosomal_S2_3843	100.0	Bacteria	Bacillota_A	Clostridia	Oscillospirales	Oscillospiraceae	ER4	ER4 sp900317525	0.0	0.0	3.713467048710602	4.083185840707965	1.3901437371663243	0.0	0.7104166666666667	0.0	0.0	0.5804597701149425	0.0	0.0	1.8444130127298444	1.689482470784641	0.0	0.0	13.877358490566039	0.3495762711864407	0.8239247311827957	0.0	21.268802228412255	20.662634408602152	1.9847645429362881	0.6811352253756261	0.0	0.0	0.0	3.705223880597015	1.6808510638297873	1.7204301075268817	69.81535947712419	14.018817204301076	25.16580310880829	21.375	11.952789699570815	21.04014598540146	4.924499229583976
S213_Ribosomal_S2_170759	100.0	Bacteria	Bacillota_A	Clostridia	Oscillospirales	Ruminococcaceae	Faecalibacterium	None	0.0	0.0	143.66603773584905	193.71238095238095	252.99649122807017	37.17801047120419	368.0531914893617	153.25986842105263	162.953007518797	203.7883495145631	95.27348993288591	245.80088495575222	215.22770700636943	248.6293222683264	209.0982019363762	215.2959889349931	198.4508990318119	85.925	236.7072072072072	201.81279251170048	285.19331395348837	189.48682170542637	168.6561403508772	133.7067773167358	264.1125	65.82019363762102	223.60285132382893	106.01388888888889	233.99546142208774	236.61275964391692	173.04323308270676	44.12784588441331	63.45979381443299	161.78146611341631	216.62213740458014	114.05882352941177	78.91928251121077
S213_Ribosomal_S2_405773	97.5	Bacteria	Bacillota_A	Clostridia	Lachnospirales	Lachnospiraceae	KLE1615	None	0.0	0.0	13.05327868852459	1.215846994535519	0.0	0.0	33.135245901639344	79.32773109243698	40.16506717850288	48.15870570107858	19.96311475409836	118.79625779625779	24.51912568306011	17.98633879781421	30.378269617706238	3.5106382978723403	3.5396825396825395	1.034412955465587	0.7915831663326653	0.0	26.990437158469945	4.091240875912408	24.65846994535519	20.14071038251366	2.539877300613497	1.8019125683060109	5.451841359773371	0.0	19.114754098360656	14.490437158469945	15.563037249283667	11.258196721311476	0.8345454545454546	0.0	0.846815834767642	2.260928961748634	1.4981818181818183
S213_Ribosomal_S2_269582	100.0	Bacteria	Bacillota_A	Clostridia	Lachnospirales	Lachnospiraceae	CAG-194	CAG-194 sp000432915	0.0	0.0	0.3643724696356275	0.0	0.0	0.14304993252361672	3.574898785425101	1.9090909090909092	1.9527665317139002	1.849894291754757	0.0	10.550607287449393	8.48469387755102	10.777131782945736	3.1029411764705883	7.817184643510055	68.13973063973064	31.75984990619137	1.499194847020934	0.39872068230277186	80.05323741007194	75.31799729364005	6.404558404558404	0.30612244897959184	1.6491525423728814	0.0	1.7435897435897436	0.0	0.6980728051391863	0.0	17.978688524590165	31.901018922852984	28.68076109936575	25.175895765472312	18.69591527987897	41.12922465208747	20.942268041237114
S213_Ribosomal_S2_314125	100.0	Bacteria	Bacillota_A	Clostridia	Christensenellales	CAG-74	None	None	0.0	0.0	0.0	0.0	0.0	0.0	0.0	0.0	0.0	0.0	0.0	0.0	0.18699186991869918	0.0	0.0	8.20125786163522	4.543307086614173	0.0	0.6829268292682927	3.7746478873239435	0.0	0.0	1.7417840375586855	1.0354609929078014	5.023952095808383	6.414634146341464	7.305164319248826	0.0	0.0	0.0	4.521531100478469	3.1737089201877935	0.0	0.0	0.0	0.0	0.0
S213_Ribosomal_S2_517908	100.0	Bacteria	Bacillota_A	Clostridia	Oscillospirales	Ruminococcaceae	CAG-115	None	0.0	0.0	8.37679083094556	0.0	0.0	0.0	0.0	0.0	0.0	0.0	0.0	0.1871584699453552	0.5553633217993079	0.6082677165354331	0.0	0.0	28.25096525096525	10.66044142614601	0.0	0.0	36.82559774964838	27.07570977917981	0.0	0.5220338983050847	0.0	2.577937649880096	9.147840531561462	0.0	0.0	0.0	2.2704918032786887	5.217283950617284	15.820031298904539	0.0	0.0	22.37936507936508	7.614814814814815
S213_Ribosomal_S2_205080	100.0	Bacteria	Bacillota_A	Clostridia	Oscillospirales	Oscillospiraceae	Vescimonas	Vescimonas sp900545585	0.0	0.0	0.0	1.8150087260034904	12.89344262295082	0.0	0.0	0.0	0.0	0.0	0.6191247974068071	0.0	3.246987951807229	1.6987951807228916	3.7379182156133828	7.304644808743169	3.7118353344768438	0.0	2.048780487804878	2.818548387096774	5.6227897838899805	4.117408906882591	50.1404399323181	43.20665499124343	39.50761421319797	9.758389261744966	42.12359550561798	8.725547445255474	1.8387096774193548	1.7868525896414342	93.74149659863946	15.202185792349727	16.011173184357542	6.345	5.515	4.950819672131147	2.023224043715847
S213_Ribosomal_S2_499998	100.0	Bacteria	Bacillota_A	Clostridia	Lachnospirales	Lachnospiraceae	Butyrivibrio_A	Butyrivibrio_A crossotus	0.0	0.0	0.0	0.0	0.0	0.0	0.0	0.0	0.0	0.0	0.0	0.0	2.16359918200409	0.6012269938650306	0.0	0.4948875255623722	0.0	0.0	0.0	0.0	1.4829545454545454	0.0	0.0	0.0	0.0	0.0	1.803680981595092	0.0	0.0	0.0	13.6953125	0.8957055214723927	1.1165311653116532	0.0	2.644171779141104	0.8629856850715747	0.0
S213_Ribosomal_S2_385829	100.0	Bacteria	Bacillota_A	Clostridia	UMGS1883	UMGS1540	UMGS1540	UMGS1540 sp900552775	0.0	0.0	0.0	0.0	0.0	0.0	0.0	0.0	0.0	0.0	0.0	0.0	0.0	0.0	0.0	0.0	0.0	0.0	0.0	0.0	0.0	0.0	0.0	0.0	0.0	0.0	0.0	0.0	0.0	0.0	65.67254038179148	17.649769585253456	45.48019801980198	0.0	0.0	0.0	0.0
S213_Ribosomal_S2_415530	98.3	Bacteria	Bacillota_A	Clostridia	Oscillospirales	Ruminococcaceae	Gemmiger	Gemmiger sp900554145	0.0	0.0	75.78092399403874	69.94867807153966	72.48468468468468	1240.4178794178795	1.3071625344352618	233.61075268817206	131.99448275862068	125.6283185840708	119.93554327808471	149.73684210526315	173.06327160493828	185.14787430683919	54.02524544179523	74.11404728789987	58.07988980716254	23.096311475409838	116.24012158054711	75.83509833585477	260.51798561151077	162.60096153846155	128.54128440366972	93.49449035812673	118.86440677966101	61.7135593220339	44.65677966101695	123.08681672025723	253.56338028169014	226.6401179941003	131.55673222390317	82.26246334310851	69.3673780487805	148.7378640776699	147.677471636953	164.71715328467153	107.72433460076046
S213_Ribosomal_S2_187697	100.0	Bacteria	Bacillota_A	Clostridia	None	None	None	None	0.0	0.0	0.8425925925925926	3.5390070921985815	3.7375	155.63829787234042	70.32624113475177	54.49645390070922	38.680851063829785	9.50354609929078	44.02836879432624	38.347517730496456	43.652482269503544	32.38834951456311	24.900709219858157	28.397163120567377	23.06382978723404	4.652482269503546	30.347517730496453	18.829787234042552	43.87943262411348	13.433333333333334	37.219858156028366	34.652482269503544	37.304964539007095	28.574468085106382	26.085714285714285	5.111111111111111	7.829787234042553	25.361702127659573	11.923076923076923	3.5779816513761467	7.423423423423423	29.25531914893617	34.262411347517734	26.347517730496453	7.148936170212766
S213_Ribosomal_S2_822	100.0	Bacteria	Bacillota_A	Clostridia	Lachnospirales	Lachnospiraceae	Agathobacter	None	0.0	0.0	0.18792866941015088	0.0	0.0	0.0	259.70762711864404	91.97805212620027	165.37841945288753	48.225589225589225	37.907514450867055	264.23969465648855	125.16744913928012	136.86410635155096	126.23391812865498	152.64088397790056	48.900311526479754	18.501582278481013	162.96476510067114	107.96974789915966	11.658263305322128	6.971774193548387	203.5989010989011	173.17009602194787	19.434173669467786	203.95108695652175	102.3922942206655	6.997995991983968	6.622820919175911	195.49019607843138	24.984848484848484	64.63786008230453	57.28285714285714	16.8021778584392	13.794019933554818	58.1722972972973	19.019685039370078
S213_Ribosomal_S2_214839	99.6	Bacteria	Bacteroidota	Bacteroidia	Bacteroidales	Bacteroidaceae	Prevotella	None	0.0	0.0	89.05098039215686	506.8136439267887	258.4479865771812	0.0	0.0	0.0	0.0	0.0	0.0	0.0	178.40053404539387	151.85907335907336	78.5273556231003	135.68722466960352	1267.7617765814266	631.731914893617	168.71617647058824	115.54749568221071	230.58602150537635	121.09507640067912	304.525	439.1702702702703	202.23953823953823	33.32919254658385	282.8930307941653	174.49578651685394	210.58482142857142	650.4453441295547	14.139402560455192	5.76183844011142	7.034552845528455	16.520156046814044	6.330739299610895	312.62523900573615	123.09049773755656
S213_Ribosomal_S2_189752	96.6	Bacteria	Desulfobacterota	Desulfovibrionia	Desulfovibrionales	Desulfovibrionaceae	Cupidesulfovibrio	Cupidesulfovibrio sp000226255	0.0	0.0	0.0	19.1231884057971	0.890625	0.0	0.5108695652173914	0.0	0.0	0.0	0.0	0.0	7.556053811659193	5.521951219512195	0.0	0.0	0.0	0.007246376811594203	0.0	0.0	0.0	0.0	0.0	0.0	1.1521739130434783	0.0	1.9673913043478262	0.0	0.0	0.0	5.75	0.0	0.0	0.0	0.0	3.902173913043478	0.0
S213_Ribosomal_S2_347958	100.0	Bacteria	Bacillota_A	Clostridia	Oscillospirales	Ruminococcaceae	Faecalibacterium	Faecalibacterium prausnitzii_E	0.0	0.0	49.95258019525802	20.82705718270572	33.164574616457465	21.807531380753137	3.6982142857142857	522.9358437935844	229.042071197411	196.70017636684304	44.88782051282051	221.01432664756447	88.47048903878583	80.28691275167785	30.18884892086331	42.01324503311258	96.69430051813471	46.15985130111524	211.9463955637708	122.85535714285714	219.2594142259414	141.09046849757672	212.38888888888889	166.13110181311018	8.14362657091562	1.042857142857143	14.267782426778243	20.771269177126918	5.004273504273504	24.803361344537816	298.05945945945945	27.6992700729927	13.967441860465117	58.50157232704402	45.567642956764296	33.92231638418079	22.659513590844064
S213_Ribosomal_S2_329021	100.0	Bacteria	Bacillota_A	Clostridia	Lachnospirales	Lachnospiraceae	Blautia_A	Blautia_A wexlerae	0.0	0.0	98.4436974789916	72.74914675767918	39.60851063829787	572.2608695652174	262.9018932874354	392.64363636363635	105.65517241379311	345.0237037037037	215.58268933539412	535.7886597938144	761.7244897959183	768.0819892473119	642.8792048929664	527.5368782161235	164.80509745127435	36.732394366197184	337.8531976744186	191.6481178396072	360.4726688102894	197.2381679389313	285.6465661641541	238.86666666666667	132.88036809815952	79.88626292466765	82.05731523378583	62.17202572347267	220.47050561797752	259.37883008356545	137.8388489208633	27.589385474860336	29.298937784522003	179.72511848341233	127.44517184942717	159.64624808575803	39.39297124600639
S213_Ribosomal_S2_136511	100.0	Bacteria	Bacillota_A	Clostridia	Christensenellales	CAG-74	None	None	0.0	0.0	0.0	0.0	0.0	0.0	0.0	0.0	0.0	0.0	0.0	0.0	0.0	0.0	0.0	0.0	0.0	0.0	0.0	0.0	0.0	0.0	0.0	0.0	0.0	0.0	0.0	0.0	0.0	0.0	5.567901234567901	0.0	0.0	3.4691358024691357	2.611111111111111	0.0	0.0
S213_Ribosomal_S2_32068	100.0	Bacteria	Bacillota_A	Clostridia	Oscillospirales	Ruminococcaceae	Faecalibacterium	None	0.0	0.0	52.57364341085271	69.16666666666667	159.39743589743588	24.09433962264151	33.31063829787234	60.16	68.4766355140187	100.94961240310077	46.35269709543569	116.18992248062015	91.47033898305085	113.98837209302326	61.32170542635659	56.46124031007752	75.43023255813954	30.102564102564102	142.77906976744185	131.56201550387595	180.30232558139534	103.9108527131783	88.86434108527132	76.50909090909092	92.06201550387597	44.845238095238095	74.8207171314741	64.9531914893617	103.8953488372093	93.85123966942149	68.39922480620154	31.159362549800797	22.752475247524753	107.88372093023256	79.52325581395348	56.70542635658915	39.395348837209305
S213_Ribosomal_S2_296261	99.6	Bacteria	Actinomycetota	Coriobacteriia	Coriobacteriales	Eggerthellaceae	Slackia_A	None	0.0	0.0	9.725888324873097	0.0	0.0	0.0	0.0	0.0	0.0	0.0	0.0	0.0	0.0	0.0	0.0	0.0	0.0	0.0	0.0	0.0	0.0	0.0	0.0	0.0	0.0	0.0	0.0	9.278115501519757	4.996168582375479	8.240137221269297	3.738219895287958	4.257240204429301	2.6016806722689076	0.0	0.0	0.0	0.0
S213_Ribosomal_S2_41803	99.6	Bacteria	Pseudomonadota	Gammaproteobacteria	Enterobacterales_A	Succinivibrionaceae	Succinivibrio	None	0.0	0.0	0.0	0.0	0.0	0.0	0.0	0.0	0.0	0.0	0.0	0.0	0.0	0.0	0.0	0.0	78.13059033989266	25.382594417077176	10.787003610108304	59.87412587412587	0.0	0.0	0.0	0.0	0.0	0.0	0.0	0.0	0.0	0.0	38.11975116640747	2.406106870229008	2.8441247002398082	0.0	0.0	0.0	0.0
S213_Ribosomal_S2_538445	100.0	Bacteria	Desulfobacterota	Desulfovibrionia	Desulfovibrionales	Desulfovibrionaceae	Desulfovibrio	None	0.0	0.0	0.8070866141732284	0.0	0.0	0.0	0.0	0.0	0.0	0.0	0.0	0.0	34.94942196531792	27.534843205574912	1.599737532808399	5.774193548387097	0.0	0.0	0.0	0.0	8.312937062937063	1.4953789279112755	1.1036106750392465	1.856955380577428	10.116022099447514	3.2144112478031635	18.988054607508534	0.5476718403547672	1.3871391076115485	0.0	43.197564276048716	2.484251968503937	6.658743633276741	0.0	0.0	1.9056865464632455	0.0
S213_Ribosomal_S2_87887	99.2	Bacteria	Bacillota_A	Clostridia	Oscillospirales	Oscillospiraceae	Faecousia	None	0.0	0.0	0.0	0.0	0.0	0.0	0.0	0.0	0.0	0.0	0.0	0.0	0.0	0.0	0.0	0.0	0.0	0.0	0.0	0.0	0.0	0.0	0.0	0.0	0.0	0.0	0.0	0.0	0.0	0.0	1.2562277580071175	21.084592145015105	5.1571428571428575	0.0	0.0	0.0	0.0
S213_Ribosomal_S2_445776	100.0	Bacteria	Bacillota_A	Clostridia	Oscillospirales	Oscillospiraceae	Limivicinus	Limivicinus sp900549645	0.0	0.0	1.2436472346786247	0.31390134529147984	0.0	0.0	0.3423019431988042	0.11659192825112108	0.23318385650224216	0.9895366218236173	0.0	1.54559043348281	6.475336322869955	2.2753623188405796	0.12556053811659193	0.0	0.18385650224215247	0.0	0.5814648729446936	0.0	1.303437967115097	0.36771300448430494	0.08071748878923767	0.09715994020926756	0.7234678624813154	0.45590433482810166	0.312406576980568	6.109118086696562	0.15844544095665172	0.21225710014947682	37.646694214876035	23.028933092224232	4.0040241448692155	1.948051948051948	5.393124065769806	10.113602391629298	2.9002267573696145
S213_Ribosomal_S2_194896	99.3	Bacteria	Bacillota_A	Clostridia	Lachnospirales	Lachnospiraceae	Limivivens	None	0.0	0.0	4.295302013422819	14.848056537102474	14.57960199004975	2.4093959731543624	25.09619686800895	35.0959595959596	13.467561521252797	32.10706150341686	12.358108108108109	33.319910514541384	46.19753086419753	47.80110497237569	25.664948453608247	21.76062639821029	5.715542521994135	5.043701799485861	17.81578947368421	15.046961325966851	34.46218487394958	18.19942196531792	15.377906976744185	15.725190839694656	20.497737556561084	5.249180327868852	13.560283687943262	11.87248322147651	31.032085561497325	34.06880733944954	7.867007672634271	20.854748603351954	2.442953020134228	17.628635346756152	16.86416861826698	7.801546391752577	7.513432835820896
S213_Ribosomal_S2_130387	100.0	Bacteria	Actinomycetota	Coriobacteriia	Coriobacteriales	Eggerthellaceae	Senegalimassilia	Senegalimassilia anaerobia	0.0	0.0	0.0	0.0	35.93333333333333	0.0	0.0	0.0	0.6485623003194888	4.53202614379085	1.4169381107491856	1.3345195729537367	23.71029411764706	20.1897233201581	16.06729475100942	11.425	3.0775988286969254	3.2843537414965986	8.242718446601941	5.009150326797386	4.484536082474227	3.620833333333333	11.232323232323232	10.527624309392266	24.016793893129773	29.82578875171468	16.347560975609756	2.56078431372549	0.6317411402157165	0.0	21.175714285714285	23.223529411764705	15.141361256544503	1.9380692167577414	4.8678237650200264	2.0652463382157125	0.0
S213_Ribosomal_S2_472920	98.8	Bacteria	Bacillota_A	Clostridia	Lachnospirales	Lachnospiraceae	CAG-317	CAG-317 sp000433215	0.0	0.0	15.132743362831858	8.905604719764012	16.902654867256636	0.0	44.51327433628319	167.820987654321	52.24483775811209	44.097345132743364	25.035398230088497	74.5693215339233	147.79646017699116	120.63716814159292	144.51917404129793	118.45132743362832	48.48672566371681	15.462264150943396	93.95870206489676	38.37463126843658	62.206489675516224	38.315634218289084	162.69321533923303	91.93510324483776	36.097345132743364	45.05014749262537	64.14749262536873	15.495575221238939	78.49852507374631	77.2566371681416	10.745762711864407	43.89675516224189	9.024316109422493	68.74631268436578	78.8023598820059	62.88790560471976	19.088495575221238
S213_Ribosomal_S2_9562	100.0	Bacteria	Bacillota	Bacilli	Erysipelotrichales	Erysipelotrichaceae	Bulleidia	Bulleidia sp900539965	0.0	0.0	0.0	0.0	0.0	0.0	0.0	0.0	0.0	0.0	0.0	0.0	0.0	0.0	0.0	0.0	11.799495586380832	1.5769745649263722	61.04066985645933	36.411960132890364	0.0	0.0	0.0	0.0	0.0	0.0	0.0	0.0	0.0	0.0	5.332199546485261	3.042071197411003	0.0	0.0	0.0	0.0	0.0
S213_Ribosomal_S2_116059	99.2	Bacteria	Bacillota_A	Clostridia	Oscillospirales	Oscillospiraceae	Limivicinus	None	0.0	0.0	0.0	0.0	0.0	0.0	0.0	0.0	0.0	0.0	0.0	0.0	5.628879892037787	0.5641025641025641	2.3920765027322406	0.0	0.0	0.0	0.0	0.0	0.0	0.0	0.0	0.0	0.0	0.0	0.0	0.0	0.0	0.0	47.320621468926554	11.263736263736265	14.686909581646423	0.8986254295532646	0.6358490566037736	0.3274725274725275	0.0
S213_Ribosomal_S2_93021	100.0	Bacteria	Bacillota_A	Clostridia	Christensenellales	CAG-74	UBA11524	UBA11524 sp000437595	0.0	0.0	17.30990990990991	0.0	0.0	0.0	126.66082802547771	0.10192837465564739	2.0691176470588237	0.0	0.6115843270868825	0.6870229007633588	19.03994490358127	10.43526170798898	5.476780185758514	10.283095723014256	9.002028397565923	0.8159203980099502	2.990358126721763	1.7578397212543555	164.07020547945206	83.94585987261146	0.0	0.0	0.0	0.0	0.0	0.0	0.0	0.0	34.6306027820711	23.266068759342303	13.602822580645162	78.8685376661743	71.78682842287695	74.43838028169014	58.78650137741047
S213_Ribosomal_S2_250719	100.0	Bacteria	Bacillota	Bacilli	RF39	UBA660	Faecisoma	Faecisoma sp000432255	0.0	0.0	0.0	0.0	0.0	0.0	0.0	0.0	0.0	0.0	0.0	0.0	0.0	0.0	0.0	0.0	0.0	0.0	0.0	0.0	0.0	0.0	0.0	0.0	0.0	0.0	0.0	0.0	0.0	0.0	7.97148288973384	0.0	0.0	0.0	0.0	0.0	0.0
S213_Ribosomal_S2_346466	100.0	Bacteria	Bacillota_A	Clostridia	Oscillospirales	Oscillospiraceae	UBA738	None	0.0	0.0	0.39285714285714285	0.0	0.0	0.0	0.0	0.0	0.0	0.0	0.0	0.0	0.0	0.0	0.0	0.0	0.0	0.0	0.0	0.0	0.3901639344262295	0.6704119850187266	6.127536231884058	2.9731182795698925	0.0	0.0	0.0	0.3303964757709251	0.0	0.0	13.181434599156118	11.733870967741936	7.396551724137931	8.005376344086022	4.904624277456647	4.585034013605442	6.966292134831461
S213_Ribosomal_S2_225635	100.0	Bacteria	Bacillota_A	Clostridia	Lachnospirales	Lachnospiraceae	CAG-632	CAG-632 sp017460485	0.0	0.0	0.0	0.0	0.0	0.0	0.0	0.0	0.0	0.0	0.0	0.0	0.0	0.0	0.0	0.0	0.0	0.0	0.0	0.0	0.0	0.0	0.0	0.0	0.0	0.0	0.0	0.0	0.0	0.0	4.082956259426847	0.0	0.4144620811287478	0.0	0.0	0.0	0.0
S213_Ribosomal_S2_140642	96.9	Bacteria	Bacillota_A	Clostridia	Lachnospirales	Lachnospiraceae	Oliverpabstia	Oliverpabstia sp018374355	0.0	0.0	7.831353919239905	8.786570743405276	6.477987421383648	114.67217630853995	56.951367781155014	86.6084142394822	25.858666666666668	67.80877742946709	24.811965811965813	137.26058631921825	121.895178197065	154.16504854368932	123.94778067885117	91.05504587155963	40.91011235955056	8.719077568134171	174.64285714285714	79.49465240641712	64.3352435530086	29.549763033175356	72.85833333333333	56.592485549132945	10.973273942093542	8.683438155136269	19.163522012578618	4.469601677148847	58.845982142857146	24.19287211740042	5.4600840336134455	15.768321513002364	2.4024896265560165	68.44219653179191	82.37962962962963	28.504065040650406	6.044025157232705
S213_Ribosomal_S2_310635	100.0	Bacteria	Bacillota_A	Clostridia	Christensenellales	CAG-74	Limiplasma	Limiplasma sp900548145	0.0	0.0	9.003154574132493	0.0	0.0	0.0	0.0	0.0	0.0	0.0	0.0	0.0	27.364556962025315	27.742382271468145	8.995316159250585	9.735802469135802	2.9850299401197606	0.9260089686098655	3.3630434782608694	3.427350427350427	34.798561151079134	10.627705627705629	3.162921348314607	2.3449781659388647	0.0	0.0	0.0	3.725838264299803	0.0	0.0	1.3230337078651686	16.628297362110313	0.0	9.557471264367816	5.792540792540793	4.533163265306122	0.5897435897435898
S213_Ribosomal_S2_401772	99.2	Bacteria	Bacillota_A	Clostridia	Oscillospirales	Oscillospiraceae	Faecousia	Faecousia sp900549705	0.0	0.0	0.0	0.0	0.7716186252771619	0.0	0.17268041237113402	0.0	0.0	0.0	0.0	0.0	0.738819320214669	0.3744186046511628	0.0	0.0	0.7371900826446282	0.0	0.0	0.0	1.650273224043716	2.8251366120218577	0.0	0.0	8.008196721311476	0.8371647509578544	6.250381679389313	0.825136612021858	0.0	0.0	28.876767676767678	9.37589928057554	2.7696850393700787	1.4371584699453552	0.0	0.9642857142857143	1.4439890710382515
S213_Ribosomal_S2_392044	97.4	Bacteria	Bacillota_A	Clostridia	Oscillospirales	Oscillospiraceae	Faecousia	Faecousia sp017521875	0.0	0.0	0.7029702970297029	22.493055555555557	9.15079365079365	0.0	0.0	0.0	0.0	0.0	0.0	0.0	1.9305555555555556	1.2847222222222223	2.75	0.0	8.488636363636363	2.138888888888889	0.0	0.7986111111111112	2.2777777777777777	7.1525423728813555	2.763888888888889	2.25	35.5462962962963	7.965034965034965	62.13194444444444	36.57258064516129	0.0	14.63888888888889	68.89256198347107	15.666666666666666	11.897196261682243	12.73611111111111	6.743055555555555	6.093220338983051	4.222222222222222
S213_Ribosomal_S2_392045	99.5	Bacteria	Bacillota_A	Clostridia	Oscillospirales	Oscillospiraceae	Dysosmobacter	None	0.0	0.0	2.007042253521127	16.584493041749504	12.639316239316239	0.0	12.5440313111546	0.0	1.9473684210526316	0.0	0.0	0.7743589743589744	2.6231263383297643	3.39906103286385	0.0	0.8076923076923077	7.102702702702703	6.078632478632478	0.0	0.347008547008547	4.662337662337662	6.420512820512821	5.990138067061144	8.13572854291417	44.312072892938495	4.434684684684685	94.77049180327869	15.373271889400922	3.117948717948718	5.167464114832536	95.63561643835617	14.75462962962963	17.403578528827037	13.617094017094017	11.863247863247864	16.397435897435898	14.871794871794872
S213_Ribosomal_S2_370541	99.4	Bacteria	Bacillota_A	Clostridia	Oscillospirales	Oscillospiraceae	CAG-170	CAG-170 sp934646185	0.0	0.0	7.195991091314031	3.218884120171674	7.076763485477178	0.0	0.0	0.0	0.0	0.0	0.0	0.0	26.460385438972164	9.293172690763052	0.0	0.0	8.407202216066482	3.185595567867036	2.2422680412371134	4.007299270072993	8.653679653679653	10.8	10.774480712166172	7.510018214936248	11.512867647058824	7.272373540856031	19.509345794392523	11.525301204819277	2.0760095011876483	8.55899419729207	47.821515892420535	3.8724954462659382	2.4688796680497926	1.6222222222222222	3.7674418604651163	27.7009900990099	4.628415300546448
S213_Ribosomal_S2_318324	100.0	Bacteria	Bacillota_A	Clostridia	Christensenellales	CAG-74	Ventricola	Ventricola sp900542395	0.0	0.0	1.4644549763033174	3.70042194092827	3.9915611814345993	0.0	3.367088607594937	0.0	0.0	0.0	0.0	0.0	34.19298245614035	30.417721518987342	19.82634730538922	8.09375	10.032407407407407	1.8354430379746836	16.97826086956522	8.147679324894515	8.525862068965518	2.607594936708861	2.189873417721519	2.5358649789029535	3.590717299578059	4.757575757575758	3.3375527426160336	3.320675105485232	1.7586206896551724	4.738396624472574	4.168776371308017	14.666666666666666	1.1898734177215189	5.3768115942028984	14.807692307692308	4.668711656441718	2.9745762711864407
S213_Ribosomal_S2_76151	100.0	Bacteria	Bacillota_C	Negativicutes	Veillonellales	Dialisteraceae	Dialister	None	0.0	0.0	0.0	0.0	0.0	0.0	0.0	0.0	0.0	0.0	0.0	0.0	0.0	0.0	0.0	0.0	272.5203007518797	110.84057971014492	277.7022653721683	161.54615384615386	122.25806451612904	86.28861788617886	155.25471698113208	95.86277372262774	0.0	0.0	0.0	0.0	0.0	0.35824175824175825	122.20714285714286	191.3857938718663	54.2310405643739	40.680597014925375	50.88522238163558	164.7012987012987	107.1882911392405
S213_Ribosomal_S2_128382	100.0	Bacteria	Bacillota_A	Clostridia	Oscillospirales	Oscillospiraceae	None	None	0.0	0.0	1.8242424242424242	0.0	0.0	0.0	0.0	0.0	0.0	0.0	0.0	0.0	5.513274336283186	9.518518518518519	0.0	0.0	11.4	0.0	0.0	7.050420168067227	4.792792792792793	0.0	14.532608695652174	4.9393939393939394	8.812121212121212	0.0	2.5944055944055946	9.33	0.4322033898305085	9.802083333333334	28.116883116883116	4.763636363636364	2.012121212121212	0.7575757575757576	0.0	15.19083969465649	10.060869565217391
S213_Ribosomal_S2_177535	100.0	Bacteria	Bacillota_A	Clostridia	Christensenellales	CAG-74	CAKUFI01	CAKUFI01 sp934647305	0.0	0.0	0.0	0.0	0.0	0.0	0.0	0.0	0.0	0.0	0.0	0.0	8.623076923076923	4.423202614379085	1.973856209150327	3.207516339869281	0.9674329501915708	0.7401960784313726	1.7451669595782073	1.6809815950920246	0.0	0.0	0.0	1.9306759098786828	0.0	0.0	0.7401960784313726	0.0	0.0	0.0	11.644262295081967	7.782122905027933	5.51685393258427	3.191256830601093	0.4511930585683297	0.0	0.0
S213_Ribosomal_S2_159104	100.0	Bacteria	Bacteroidota	Bacteroidia	Bacteroidales	Bacteroidaceae	UBA6398	UBA6398 sp003150315	0.0	0.0	0.0	0.0	0.0	0.0	0.0	0.0	0.0	0.0	0.0	0.0	0.0	0.0	0.0	0.0	0.0	0.0	0.0	0.0	0.0	0.0	0.0	0.0	0.0	0.0	0.0	0.0	0.0	0.0	5.726648351648351	5.46875	0.9928571428571429	0.0	0.0	0.0	0.0
S213_Ribosomal_S2_363909	100.0	Bacteria	Bacillota_A	Clostridia	Oscillospirales	Oscillospiraceae	Evtepia	Evtepia sp004556345	0.0	0.0	17.61263157894737	15.097777777777777	10.26038338658147	0.0	0.0	3.463022508038585	37.266304347826086	33.876500857632934	24.451263537906136	34.72700296735905	61.72525849335303	47.8307210031348	38.349162011173185	42.24486803519061	31.05790297339593	8.7072	71.0	35.3630017452007	22.253105590062113	7.98997995991984	13.213675213675213	12.965986394557824	23.748878923766817	3.8233009708737864	17.532503457814663	62.23307086614173	24.042789223454832	36.2106135986733	63.39750692520776	51.66208251473478	27.681089743589745	29.872944693572496	28.445525291828794	19.593323216995447	3.8967741935483873
S213_Ribosomal_S2_400265	100.0	Bacteria	Bacillota_A	Clostridia	Oscillospirales	CAG-272	CAG-841	CAG-841 sp002405565	0.0	0.0	0.0	0.0	0.0	0.0	0.0	0.0	0.0	0.0	0.0	0.0	0.0	0.0	0.0	0.0	0.0	0.0	0.0	0.0	0.0	0.0	0.0	0.0	0.0	0.0	0.0	0.0	0.0	0.0	8.308333333333334	1.75	1.725	0.0	0.0	0.0	0.0
S213_Ribosomal_S2_455568	100.0	Bacteria	Bacillota_A	Clostridia	Oscillospirales	Ruminococcaceae	Angelakisella	Angelakisella sp020025195	0.0	0.0	2.7636363636363637	0.0	0.0	0.0	0.0	0.0	0.0	0.0	0.0	0.0	0.0	0.0	0.0	0.0	10.931972789115646	0.0	0.0	0.0	0.0	0.0	0.0	0.0	0.0	5.909090909090909	32.83030303030303	0.0	0.0	0.0	8.390243902439025	0.0	0.0	0.0	0.0	1.3943661971830985	0.0
S213_Ribosomal_S2_185746	100.0	Bacteria	Bacillota_A	Clostridia	Lachnospirales	Lachnospiraceae	Anaerostipes	None	0.0	0.0	16.01521438450899	19.986159169550174	1.4697754749568221	370.6135265700483	71.13733905579399	95.33380084151473	24.244615384615386	106.67927170868347	10.874432677760968	222.51676829268294	100.41526717557252	93.31309904153355	20.6064	26.84789156626506	32.655536028119506	4.677530017152659	24.91946308724832	27.95738203957382	39.3287037037037	15.952238805970149	52.89322033898305	47.27062228654125	25.464788732394368	103.4016	108.04255319148936	1.312638580931264	109.60244648318043	201.8003120124805	15.123249299719888	20.057199211045365	5.169580419580419	56.800399201596804	47.5799676898223	69.35018050541517	7.848275862068966
S213_Ribosomal_S2_33174	100.0	Bacteria	Bacillota_B	Peptococcia	Peptococcales	Peptococcaceae	UMGS1590	UMGS1590 sp900552455	0.0	0.0	0.0	0.0	0.0	0.0	0.0	0.0	0.0	0.0	0.0	0.0	0.0	0.0	0.0	0.0	0.0	0.0	0.0	0.0	0.0	0.0	0.0	0.0	0.0	0.0	0.0	0.0	0.0	0.0	30.306122448979593	33.50356633380884	17.134036144578314	0.0	0.0	0.0	0.0
S213_Ribosomal_S2_318870	95.6	Bacteria	Bacillota_A	Clostridia	None	None	None	None	0.0	0.0	0.0	0.0	0.0	0.0	0.0	0.0	0.0	0.0	0.0	0.0	0.0	0.0	0.0	0.0	0.0	0.0	0.0	0.0	0.0	0.0	0.0	0.0	0.0	0.0	0.0	0.0	0.0	0.0	5.407407407407407	8.10377358490566	0.0	2.903703703703704	0.0	2.577777777777778	0.0
S213_Ribosomal_S2_75671	100.0	Bacteria	Bacillota_A	Clostridia	Lachnospirales	Lachnospiraceae	Clostridium_Q	Clostridium_Q fessum	0.0	0.0	12.53298611111111	5.708390646492434	11.565491183879093	30.52752880921895	8.698956780923995	20.594805194805193	15.300738007380074	21.352941176470587	4.76890756302521	13.993351063829786	7.796897038081806	4.192622950819672	58.24103299856528	55.522935779816514	12.802593659942364	6.913396481732071	16.810477657935284	9.626373626373626	7.061764705882353	4.338177014531044	8.038910505836576	7.467791411042945	9.152031454783748	2.8957654723127035	30.6510989010989	10.112474437627812	15.143254520166899	44.91696113074205	14.32046332046332	14.981228668941979	10.694842406876791	2.2562111801242235	3.732911392405063	4.600700525394045	5.709415584415584
S213_Ribosomal_S2_377756	98.5	Bacteria	Bacillota_A	Clostridia	Oscillospirales	Ruminococcaceae	UMGS1668	None	0.0	0.0	0.0	0.0	0.0	0.0	0.0	0.0	0.0	0.0	0.0	0.0	0.0	0.0	0.0	0.0	0.0	0.0	0.0	0.0	0.0	0.0	0.0	0.0	0.0	0.0	0.0	0.0	0.0	0.0	7.410821643286573	0.0	5.795918367346939	0.0	0.0	0.0	0.5587301587301587
S213_Ribosomal_S2_336801	100.0	Bacteria	Bacillota_A	Clostridia	None	None	None	None	0.0	0.0	22.208333333333332	16.729166666666668	36.8	0.0	118.90625	239.94791666666666	84.82291666666667	155.27083333333334	48.604166666666664	196.16666666666666	279.6354166666667	246.36458333333334	119.53191489361703	117.90625	21.375	14.6875	119.05208333333333	47.672413793103445	160.67708333333334	78.79166666666667	27.246153846153845	27.989583333333332	79.27083333333333	16.738636363636363	14.694915254237289	5.166666666666667	148.38541666666666	100.55208333333333	1.1770833333333333	10.64516129032258	1.8571428571428572	14.135416666666666	20.385416666666668	48.989583333333336	12.635416666666666
S213_Ribosomal_S2_71592	99.6	Bacteria	Bacillota_A	Clostridia	Oscillospirales	Acutalibacteraceae	Clostridium_A	Clostridium_A leptum	0.0	0.0	1.1422845691382766	0.8005354752342704	0.6291834002677377	0.0	1.7817938420348058	0.0	0.0	0.0	0.0	0.0	2.9592696629213484	6.073873873873874	0.0	0.0	2.216867469879518	0.0	1.5890227576974565	0.0	1.2623828647925033	0.0	0.0	0.0	3.1415797317436662	0.0	2.5436241610738257	18.399122807017545	17.850722311396467	0.0	8.040229885057471	91.54807692307692	0.08835341365461848	25.71559633027523	24.363770250368187	15.34634974533107	11.190825688073394
S213_Ribosomal_S2_163755	100.0	Bacteria	Bacillota_A	Clostridia	Oscillospirales	Ruminococcaceae	Angelakisella	Angelakisella sp900552845	0.0	0.0	0.0	0.0	0.0	0.0	0.0	0.0	0.0	0.0	0.0	0.0	1.217741935483871	0.0	0.0	0.0	1.6441821247892074	1.2293103448275862	0.0	0.0	0.0	0.0	0.0	0.0	3.229591836734694	0.6738738738738739	21.469115191986646	10.864468864468865	1.5747303543913713	0.7736757624398074	44.95408895265423	0.0	0.0	0.0	0.0	1.7284991568296797	1.386401326699834
S213_Ribosomal_S2_35244	98.8	Bacteria	Bacillota_A	Clostridia	Oscillospirales	Oscillospiraceae	CAG-170	None	0.0	0.0	0.0	0.0	0.0	0.0	0.0	0.0	0.0	0.0	0.0	0.0	0.5888077858880778	0.0	0.0	0.0	0.0	0.0	0.0	0.0	0.0	0.0	0.0	0.0	0.0	0.0	0.0	0.0	0.0	0.0	7.864220183486238	7.982089552238806	1.7007299270072993	0.0	0.0	0.0	0.0
S213_Ribosomal_S2_394669	100.0	Bacteria	Bacillota_A	Clostridia	Oscillospirales	Butyricicoccaceae	Agathobaculum	Agathobaculum sp934504345	0.0	0.0	91.46153846153847	32.77902621722846	9.220779220779221	0.0	79.27225130890052	91.42152466367713	47.951310861423224	25.677902621722847	36.146067415730336	60.02232142857143	45.605	24.02127659574468	0.0	2.0401785714285716	21.805243445692884	9.591666666666667	31.53813559322034	18.13809523809524	61.748717948717946	30.908333333333335	66.95833333333333	58.84615384615385	13.115384615384615	12.779026217228465	19.259067357512954	55.88095238095238	51.12396694214876	63.66079295154185	39.85067873303167	38.964646464646464	40.541666666666664	34.69874476987448	32.714814814814815	8.133333333333333	10.216535433070867
S213_Ribosomal_S2_59310	100.0	Bacteria	Bacillota_A	Clostridia	Oscillospirales	Oscillospiraceae	CAG-103	CAG-103 sp900543625	0.0	0.0	9.73640856672158	3.9440993788819876	12.198830409356725	0.0	0.0	1.4631083202511774	17.07488986784141	26.61711079943899	13.819444444444445	19.337448559670783	6.428330522765599	7.878299120234604	1.0458333333333334	0.0	33.595065312046444	6.76171875	34.09904153354633	26.103327495621716	98.06148867313915	74.85878962536023	37.51963746223565	25.411458333333332	59.43664717348928	7.318027210884353	27.401459854014597	165.3271719038817	12.870833333333334	22.359375	136.13932980599648	21.637867647058822	16.389351081530783	25.607766990291264	32.66494845360825	38.443820224719104	24.14695945945946
S213_Ribosomal_S2_441771	100.0	Bacteria	Bacillota_A	Clostridia	Christensenellales	CAG-74	None	None	0.0	0.0	0.0	0.0	0.0	0.0	0.0	0.0	0.0	0.0	0.0	0.0	0.0	0.0	0.0	0.0	0.0	0.0	0.0	0.0	0.0	0.0	0.0	0.0	0.0	0.0	0.0	0.0	0.0	0.0	3.482456140350877	3.8421052631578947	0.0	0.0	0.0	0.0	0.0
S213_Ribosomal_S2_223661	100.0	Bacteria	Bacillota_C	Negativicutes	Acidaminococcales	Acidaminococcaceae	Phascolarctobacterium_A	None	0.0	0.0	50.76109215017065	41.989985693848354	61.612446958981614	0.0	0.0	0.0	0.0	0.0	0.0	0.0	98.52547770700637	97.16447368421052	19.002958579881657	25.83866481223922	0.0	0.3265582655826558	1.6504065040650406	0.2005420054200542	0.0	0.0	0.0	0.0	0.0	0.0	0.0	0.0	0.0	0.0	61.90425531914894	0.7198177676537585	21.45496183206107	0.0	0.0	0.0	0.0
S213_Ribosomal_S2_343473	100.0	Bacteria	Bacteroidota	Bacteroidia	Bacteroidales	Bacteroidaceae	Prevotella	Prevotella sp003447235	0.0	0.0	0.0	59.69933774834437	73.00805152979066	0.0	0.0	0.0	0.0	0.0	0.0	0.0	0.0	0.0	0.0	0.0	17.65034013605442	4.730593607305936	13.397944199706314	4.452616690240452	0.0	0.0	0.0	0.0	0.0	0.0	0.0	0.0	0.0	0.0	2.772121212121212	9.062228654124457	3.8654545454545453	19.538834951456312	20.998493975903614	37.32078313253012	22.193758127438233
S213_Ribosomal_S2_159670	100.0	Bacteria	Bacillota_A	Clostridia	Oscillospirales	Oscillospiraceae	Vescimonas	None	0.0	0.0	0.0	4.662337662337662	0.0	0.0	0.0	0.0	0.0	0.0	0.0	0.0	0.0	0.0	0.0	0.0	7.47682119205298	0.0	0.0	2.862559241706161	0.0	0.0	0.0	0.0	0.0	0.0	0.0	0.0	0.0	0.0	18.1875	1.5916666666666666	32.70700636942675	0.0	0.0	1.8208333333333333	0.0
S213_Ribosomal_S2_157113	100.0	Bacteria	Bacillota_A	Clostridia	Lachnospirales	Lachnospiraceae	Blautia_A	None	0.0	0.0	65.37169517884915	37.99512195121951	50.95803183791606	9.411347517730496	168.2991150442478	447.3891336270191	154.9985119047619	235.3778801843318	180.9031377899045	374.6786206896552	324.5255376344086	261.8393135725429	150.05669291338583	145.7377326565144	108.17491749174917	43.303763440860216	201.01203007518797	128.8469387755102	180.1904761904762	85.49535603715171	351.1607142857143	282.0279069767442	55.22857142857143	190.95645645645646	187.39710610932477	50.259408602150536	243.57219973009447	184.30825688073395	31.691910499139414	90.91909385113269	15.991501416430594	132.6590909090909	103.64516129032258	65.54905063291139	21.203327171903883
S213_Ribosomal_S2_28603	100.0	Bacteria	Bacillota_A	Clostridia	Oscillospirales	Ruminococcaceae	Faecalibacterium	None	0.0	0.0	30.819277108433734	69.58052434456928	13.04516129032258	4.304182509505703	150.68253968253967	72.66792452830188	172.33760683760684	196.3595041322314	27.876847290640395	46.71369294605809	185.55	196.61216730038024	47.57794676806083	99.03333333333333	58.820717131474105	20.173745173745175	138.57303370786516	47.3141592920354	110.06463878326996	64.74090909090908	52.49812734082397	32.771300448430495	240.64367816091954	60.35470085470085	134.58052434456928	94.7107438016529	39.427385892116185	121.34456928838951	48.10569105691057	35.81659388646288	24.241573033707866	31.076923076923077	26.904545454545456	49.48514851485149	28.29145728643216
S213_Ribosomal_S2_480702	100.0	Bacteria	Bacillota	Bacilli	Erysipelotrichales	Erysipelotrichaceae	Absicoccus	Absicoccus sp000434355	0.0	0.0	0.0	0.0	0.0	0.0	0.0	0.0	0.0	0.0	0.0	0.0	0.0	0.0	0.0	0.0	0.0	0.0	0.0	0.0	0.0	0.0	0.0	0.0	0.0	0.0	0.0	0.0	0.0	0.0	3.3493975903614457	13.620689655172415	2.3867276887871856	0.0	0.0	0.0	0.0
S213_Ribosomal_S2_521663	97.6	Bacteria	Bacillota_A	Clostridia	Oscillospirales	Oscillospiraceae	Limivicinus	Limivicinus sp900547315	0.0	0.0	0.0	0.0	0.0	0.0	0.0	0.0	0.0	0.0	0.0	0.0	2.0549828178694156	0.0	5.08256880733945	0.0	0.0	0.0	0.0	0.0	0.0	0.0	0.0	0.0	0.0	0.0	0.0	0.0	0.0	0.0	26.53488372093023	11.140845070422536	4.101045296167247	0.0	0.9209486166007905	9.266666666666667	0.0
S213_Ribosomal_S2_57285	100.0	Bacteria	Bacillota_A	Clostridia	Lachnospirales	Lachnospiraceae	None	None	0.0	0.0	0.0	0.0	0.0	0.0	0.0	0.0	0.0	0.0	0.0	0.0	0.0	0.0	0.0	0.0	0.0	0.0	0.0	0.0	14.808510638297872	36.53389830508475	0.0	0.0	0.0	0.0	0.0	1.1041666666666667	0.0	0.0	4.205673758865248	0.0	2.879432624113475	0.0	0.0	0.0	0.0
S213_Ribosomal_S2_453072	100.0	Bacteria	Bacteroidota	Bacteroidia	Bacteroidales	Bacteroidaceae	Paraprevotella	Paraprevotella clara	0.0	0.0	0.9010989010989011	6.454948301329394	9.855437665782494	0.0	0.0	0.0	0.2576312576312576	0.0	0.0	0.0	2.0195360195360195	0.7565485362095532	0.0	0.0	10.318840579710145	3.1809775429326286	0.0	1.0842490842490842	8.811827956989248	5.88597842835131	1.5628815628815629	2.787958115183246	0.0	0.0	0.0	0.0	0.0	0.0	10.801360544217687	2.965625	0.0	1.8187221396731055	0.0	8.311355311355312	6.992638036809816
S213_Ribosomal_S2_39398	98.8	Bacteria	Bacillota_A	Clostridia	Oscillospirales	Ruminococcaceae	Faecalibacterium	None	0.0	0.0	41.243654822335024	70.44311377245509	212.8465909090909	23.213973799126638	0.0	58.539906103286384	59.04035874439462	73.44059405940594	21.546666666666667	98.015625	99.97674418604652	119.7909090909091	91.125	76.82532751091703	44.622093023255815	10.441176470588236	89.37984496124031	62.81497797356828	45.62015503875969	44.20634920634921	21.046511627906977	19.863247863247864	37.02030456852792	17.96511627906977	30.154166666666665	71.48058252427184	77.93181818181819	92.28682170542636	11.509803921568627	62.41142857142857	14.48062015503876	23.117117117117118	27.723618090452263	26.286821705426355	25.81782945736434
S213_Ribosomal_S2_425959	100.0	Bacteria	Bacillota_A	Clostridia	Lachnospirales	Lachnospiraceae	Eisenbergiella	Eisenbergiella sp900066775	0.0	0.0	4.183727034120735	3.5078014184397164	5.610817941952506	0.0	13.177215189873417	1.4291338582677164	4.063218390804598	0.0	0.0	0.9034090909090909	56.657393850658856	49.213523131672595	4.080321285140562	1.8490813648293962	7.3328611898017	1.9619422572178478	31.859399684044234	17.05611510791367	7.188253012048193	4.961474036850921	8.604918032786886	3.973025048169557	23.78328173374613	0.0	5.411764705882353	6.68241469816273	5.047297297297297	1.7009345794392523	24.693907875185737	60.765079365079366	1.1957585644371942	147.6818181818182	121.9501312335958	118.34343434343434	54.37542087542087
S213_Ribosomal_S2_48617	98.3	Bacteria	Actinomycetota	Coriobacteriia	Coriobacteriales	Eggerthellaceae	Aphodovivens	Aphodovivens sp944320405	0.0	0.0	0.0	0.2644444444444444	0.0	0.9798657718120806	6.394701986754967	0.384180790960452	0.4874476987447699	1.5597381342062193	0.0	2.2281553398058254	2.10507880910683	0.8813838550247117	1.4543973941368078	2.1356164383561644	0.0	0.0	0.0	0.0	0.0	0.9642401021711366	0.0	0.0	2.634069400630915	0.0	0.38146167557932265	0.3733031674208145	0.0	0.0	4.282247765006385	31.745571658615138	12.27576197387518	0.9218436873747495	0.7009174311926606	3.6436781609195403	0.0
S213_Ribosomal_S2_357353	100.0	Bacteria	Bacillota_A	Clostridia	Oscillospirales	Oscillospiraceae	Onthomonas	None	0.0	0.0	4.093444909344491	0.0	0.0	0.0	0.0	0.0	0.0	0.0	0.0	0.0	1.3054393305439331	6.976290097629009	2.2161785216178522	0.0	0.0	0.0	8.833333333333334	5.0495049504950495	0.0	0.0	0.0	0.0	0.0	0.0	0.0	0.0	4.326359832635983	1.3138075313807531	9.40234375	2.9038461538461537	0.0	2.064579256360078	0.3558897243107769	0.0	0.0
S213_Ribosomal_S2_265707	100.0	Bacteria	Bacillota_A	Clostridia	Oscillospirales	Oscillospiraceae	None	None	0.0	0.0	1.74	2.8333333333333335	0.0	0.0	0.0	0.0	3.7333333333333334	0.9866666666666667	0.0	3.8266666666666667	0.0	0.8733333333333333	0.0	0.8733333333333333	0.0	0.0	0.0	0.0	2.84	2.7866666666666666	0.0	0.0	0.0	0.0	13.653333333333334	2.7333333333333334	0.8733333333333333	0.0	18.786666666666665	19.120481927710845	4.546666666666667	1.8066666666666666	9.928571428571429	8.071942446043165	0.0
S213_Ribosomal_S2_50154	100.0	Bacteria	Actinomycetota	Coriobacteriia	Coriobacteriales	Eggerthellaceae	Adlercreutzia	None	0.0	0.0	1.4470588235294117	5.6	1.192156862745098	10.93918918918919	3.238095238095238	18.6045197740113	20.00537634408602	27.808823529411764	3.180904522613065	9.378571428571428	0.0	0.0	0.8322147651006712	0.0	0.0	0.0	0.0	6.407843137254902	10.854700854700855	8.098039215686274	6.909803921568628	4.737254901960784	20.139240506329113	12.281512605042018	18.8743961352657	10.664	5.4389140271493215	1.030674846625767	6.598214285714286	4.575757575757576	4.842105263157895	22.92549019607843	19.022727272727273	13.768707482993197	7.0588235294117645
S213_Ribosomal_S2_173039	99.2	Bacteria	Bacteroidota	Bacteroidia	Bacteroidales	Bacteroidaceae	Prevotella	Prevotella sp900552675	0.0	0.0	0.0	3.653225806451613	12.434139784946236	0.0	0.0	0.0	0.0	0.0	0.0	0.0	0.0	0.0	0.0	0.0	0.0	0.0	0.0	0.0	0.0	0.0	0.0	0.0	0.0	0.0	0.0	0.0	0.0	0.0	12.18939393939394	9.330645161290322	5.720963172804533	0.0	0.0	0.0	0.0
S213_Ribosomal_S2_147961	100.0	Bacteria	Bacillota_A	Clostridia	Oscillospirales	Oscillospiraceae	ER4	ER4 sp000765235	0.0	0.0	14.88968481375358	83.87209302325581	28.46759259259259	0.0	0.0	2.752136752136752	81.38235294117646	84.6044776119403	2.681096681096681	48.982421875	11.13929313929314	22.187125748502993	4.269774011299435	9.563517915309447	10.005928853754941	6.597449908925319	20.900611620795107	14.488709677419354	46.69292604501608	50.0856102003643	55.01898734177215	35.59270998415214	99.76	17.737556561085974	76.72047244094489	108.45015105740181	12.69264705882353	20.88108108108108	140.34598540145984	26.006012024048097	29.63884430176565	86.08840579710144	80.5226586102719	72.4546783625731	33.41379310344828
S213_Ribosomal_S2_258044	97.8	Bacteria	Bacillota_A	Clostridia	Oscillospirales	Acutalibacteraceae	UBA5905	UBA5905 sp017397125	0.0	0.0	0.0	0.0	0.0	0.0	0.0	0.0	0.0	0.0	0.0	0.0	0.0	0.0	0.0	0.0	0.0	0.0	0.0	0.0	0.0	0.0	0.0	0.0	0.0	0.0	0.0	0.0	0.0	0.0	13.080459770114942	10.354248366013072	3.1422708618331052	0.0	0.0	0.0	0.0
S213_Ribosomal_S2_222206	99.4	Bacteria	Bacillota_A	Clostridia	Christensenellales	CAG-74	Faecivicinus	Faecivicinus sp900759005	0.0	0.0	2.214689265536723	0.0	0.0	0.0	0.0	0.0	0.0	0.0	0.0	0.0	0.0	1.137476459510358	0.0	0.4896421845574388	0.0	0.0	0.0	0.0	0.0	0.0	0.0	0.0	0.0	0.0	0.0	0.0	0.0	0.0	2.749529190207156	6.733009708737864	4.242105263157895	2.264705882352941	0.5868421052631579	0.0	0.0
S213_Ribosomal_S2_442879	100.0	Bacteria	Bacillota_A	Clostridia	Monoglobales	Monoglobaceae	Ructibacterium	Ructibacterium sp905205855	0.0	0.0	0.0	0.0	0.0	0.0	0.0	0.0	0.0	0.0	0.0	0.0	0.0	0.0	0.0	0.0	0.0	0.0	0.0	0.0	20.82686567164179	8.397009966777409	0.0	0.0	0.0	0.0	0.0	0.0	0.0	0.0	13.794285714285714	37.87789799072643	9.992495309568481	0.0	0.0	0.0	0.0
