scg_name	percent_identity	t_domain	t_phylum	t_class	t_order	t_family	t_genus	t_species	NEG_UWTrinh_BS_0001_F05	NEG_UWTrinh_BS_0001_H05	S200_V00	S200_V11	S200_V22	S200_V33	S200_V44	S201_V00	S201_V11	S201_V22	S201_V33	S201_V44	S207_V0A	S207_V0B	S207_V2A	S207_V2B	S208_V0A	S208_V0B	S208_V2A	S208_V2B	S210_V0A	S210_V0B	S210_V1A	S210_V1B	S211_V00	S211_V11	S211_V22	S212_V00	S212_V11	S212_V22	S213_V00	S213_V11	S213_V22	S214_V0A	S214_V0B	S214_V2A	S214_V2B
S214_Ribosomal_S2_495620	100.0	Bacteria	Bacillota_A	Clostridia	Oscillospirales	Butyricicoccaceae	Agathobaculum	Agathobaculum sp003481705	0.0	0.0	72.80095541401273	18.80658436213992	7.211690363349131	0.0	72.27807486631016	79.86416184971098	42.393416927899686	19.498575498575498	36.66056338028169	52.10749185667753	36.83215796897038	28.78988326848249	1.912820512820513	3.6804123711340204	19.247404844290656	5.490033222591362	25.926495726495727	18.575539568345324	41.88585209003215	21.44026186579378	49.298299845440496	44.05	11.242792109256449	10.287988422575976	19.82078313253012	50.71382636655949	46.36298421807747	55.95198675496689	40.56888168557536	37.11986863711002	36.128571428571426	34.60796324655436	29.644640234948604	9.211895910780669	11.662551440329219
S214_Ribosomal_S2_324617	99.6	Bacteria	Bacillota_A	Clostridia	Lachnospirales	Lachnospiraceae	Agathobacter	None	0.0	0.0	0.18792866941015088	0.0	0.0	0.0	233.2866043613707	84.7688953488372	162.6928895612708	47.596774193548384	37.940850277264325	260.12307692307695	122.76138147566719	130.4758190327613	125.57254901960785	151.1685082872928	46.92355694227769	18.01421800947867	159.29837251356238	105.36472602739725	5.380165289256198	7.246781115879829	200.74198047419804	172.57475994513032	19.434173669467786	202.97837837837838	100.76315789473684	5.64935064935065	5.006600660066007	190.65092748735245	24.984848484848484	64.25788751714677	57.24466571834993	17.030254777070063	13.311355311355312	57.27272727272727	18.23908918406072
S214_Ribosomal_S2_487438	100.0	Bacteria	Bacillota_A	Clostridia	Lachnospirales	Lachnospiraceae	Blautia_A	None	0.0	0.0	28.94890510948905	94.97058823529412	29.7987012987013	958.2408759124088	100.90082644628099	57.70322580645161	15.089005235602095	26.87958115183246	28.683760683760685	21.086294416243653	74.57142857142857	63.7956204379562	45.71900826446281	40.638888888888886	114.10179640718563	51.462025316455694	110.91975308641975	70.51366120218579	80.13812154696133	51.86904761904762	92.81679389312977	39.89221556886228	15.460732984293193	16.591954022988507	27.125	8.656565656565656	18.333333333333332	52.814207650273225	16.342105263157894	23.608695652173914	2.797979797979798	10.404255319148936	13.491803278688524	4.336283185840708	0.0
S214_Ribosomal_S2_210958	92.6	Bacteria	Bacillota_A	Clostridia	TANB77	CAG-508	CAG-269	CAG-269 sp900556695	0.0	0.0	0.4499252615844544	0.0	0.0	0.0	0.0	0.0	0.0	0.0	0.0	0.0	0.0	0.0	0.0	0.0	0.7937384898710865	0.0	0.0	0.0	0.0	0.0	0.0	0.0	0.0	0.7556109725685786	0.0	0.0	0.0	0.0	0.0	0.0	0.0	3.517189835575486	2.6187739463601534	5.822134387351778	0.0
S214_Ribosomal_S2_27155	100.0	Bacteria	Bacillota_A	Clostridia	Christensenellales	CAG-138	Phil1	Phil1 sp001940855	0.0	0.0	0.0	0.0	0.0	0.0	0.0	0.0	0.0	0.0	0.0	0.0	0.0	0.0	0.0	0.0	0.0	0.0	0.0	0.0	0.0	0.0	0.0	0.0	0.0	0.0	0.0	0.0	0.0	0.0	12.45819397993311	0.0	0.0	9.777777777777779	3.076923076923077	0.6081771720613288	3.430894308943089
S214_Ribosomal_S2_396309	97.7	Bacteria	Bacteroidota	Bacteroidia	Bacteroidales	Rikenellaceae	Alistipes	None	0.0	0.0	0.0	0.0	0.0	0.0	0.0	0.0	0.0	0.0	0.0	0.0	0.0	0.0	0.0	0.0	1.302325581395349	0.3643410852713178	0.0	0.0	1.1317829457364341	0.0	0.0	0.5813953488372093	0.0	2.5271317829457365	0.7984496124031008	0.0	0.0	0.0	0.0	0.0	0.0	0.4573643410852713	0.0	1.8372093023255813	0.046511627906976744
S214_Ribosomal_S2_248341	100.0	Bacteria	Bacillota_A	Clostridia	None	None	None	None	0.0	0.0	6.0	4.1568627450980395	5.2	67.70476190476191	51.08571428571429	49.86666666666667	15.698412698412698	42.38095238095238	16.61904761904762	71.65882352941176	42.473118279569896	53.04	44.38095238095238	44.43809523809524	26.20952380952381	5.1647058823529415	56.891891891891895	33.78409090909091	4.0476190476190474	5.895238095238096	5.945205479452055	10.19047619047619	3.857142857142857	0.0	2.5974025974025974	0.9523809523809523	10.6	8.150684931506849	1.0095238095238095	24.339805825242717	3.038095238095238	15.726027397260275	34.91836734693877	23.0	2.7613636363636362
S214_Ribosomal_S2_164376	100.0	Bacteria	Bacillota_C	Negativicutes	Veillonellales	Dialisteraceae	Dialister	None	0.0	0.0	0.0	0.0	0.0	0.0	0.0	0.0	0.0	0.0	0.0	0.0	0.5436507936507936	0.26455026455026454	0.0	0.0	272.7642956764296	110.64235624123422	283.86062717770034	164.25859491778775	122.32872503840245	86.95827725437415	155.89638932496075	97.72568940493468	0.0	0.0	0.0	0.0	0.0	0.0	120.77482269503547	186.95827338129496	53.9369527145359	40.853377265238876	52.94395280235988	168.4935251798561	111.32432432432432
S214_Ribosomal_S2_266777	100.0	Bacteria	Bacillota_A	Clostridia	Lachnospirales	Lachnospiraceae	Anaerobutyricum	None	0.0	0.0	5.49738219895288	7.360677083333333	5.217447916666667	450.7832512315271	12.79186228482003	47.62107208872458	5.221218961625282	41.41514360313316	12.465573770491803	71.2139303482587	136.3451043338684	120.205	58.12126245847176	73.47122861586314	24.304015296367112	8.387182910547397	106.4672619047619	74.44462025316456	65.9024	28.231448763250885	90.74573055028463	96.14925373134328	25.10112359550562	49.421052631578945	59.94402985074627	11.276435045317221	82.54131534569983	77.9636075949367	13.69140625	19.352601156069365	2.9234875444839856	65.47398843930635	49.921996879875195	64.01234567901234	6.650088809946714
S214_Ribosomal_S2_16921	100.0	Bacteria	Bacillota_A	Clostridia	Lachnospirales	Lachnospiraceae	Roseburia	None	0.0	0.0	0.0	3.009845288326301	11.784810126582279	0.0	32.21671388101983	21.695575221238936	3.6024844720496896	28.913183279742764	4.565467625899281	29.419871794871796	64.06238859180036	65.94582723279649	150.8	132.4375	45.50711743772242	15.04882459312839	77.48861646234676	28.473591549295776	2.443462897526502	4.545454545454546	36.14160839160839	24.108019639934533	7.878962536023055	4.542039355992844	10.085794655414908	2.945080091533181	3.309982486865149	4.609236234458259	0.0	3.504118616144975	2.718855218855219	9.634429400386848	16.356870229007633	20.72919605077574	3.1866438356164384
S214_Ribosomal_S2_176158	100.0	Bacteria	Actinomycetota	Coriobacteriia	Coriobacteriales	Eggerthellaceae	Adlercreutzia	None	0.0	0.0	0.0	0.0	0.0	0.0	0.0	2.235632183908046	0.0	0.0	0.0	2.0	0.0	0.0	0.0	0.0	0.0	0.0	0.0	0.0	0.0	0.0	0.0	0.0	3.6551724137931036	0.7988505747126436	0.0	0.0	0.0	0.0	0.7586206896551724	0.0	0.0	0.0	0.5461538461538461	0.0	1.293103448275862
S214_Ribosomal_S2_61987	100.0	Bacteria	Actinomycetota	Coriobacteriia	Coriobacteriales	Coriobacteriaceae	Collinsella	None	0.0	0.0	132.13292117465224	109.42970297029703	329.9675994108984	595.527397260274	147.74140752864156	344.6996644295302	74.27184466019418	182.1071953010279	136.63208852005533	197.631217838765	322.08359133126936	288.3607476635514	302.3525179856115	276.840877914952	148.76548672566372	72.83518518518518	332.24364723467863	300.2810902896082	199.4322033898305	156.7646017699115	335.05128205128204	266.5840867992767	0.6681222707423581	1.4477317554240632	0.631163708086785	401.26724137931035	435.8120411160059	495.7892857142857	422.7343173431734	517.2583025830259	161.99486301369862	562.5962732919255	442.39638386648124	425.0965034965035	168.77696793002914
S214_Ribosomal_S2_484902	100.0	Bacteria	Bacillota_A	Clostridia	Lachnospirales	Lachnospiraceae	Wujia	Wujia chipingensis	0.0	0.0	0.0	0.0	4.061185468451243	0.0	0.0	0.0	0.0	0.0	0.0	0.0	19.474258970358814	6.8597222222222225	1.031117397454031	2.2901353965183753	7.391240875912409	2.9659735349716447	0.9018612521150592	0.9583911234396671	103.19142857142857	53.520066889632105	0.5875486381322957	2.5906040268456376	0.9416195856873822	2.8034188034188032	116.17774086378738	0.0	0.0	0.0	37.75843454790823	0.0	9.072340425531914	8.45031712473573	13.133603238866396	2.8111332007952288	2.031039136302294
S214_Ribosomal_S2_376872	100.0	Bacteria	Bacillota_A	Clostridia	Oscillospirales	Ruminococcaceae	Ruminococcus_C	Ruminococcus_C callidus	0.0	0.0	0.0	9.957592339261286	3.7240259740259742	0.0	0.0	0.0	0.0	0.0	0.0	0.0	2.3229166666666665	10.096930533117932	2.001669449081803	10.23404255319149	2.9379727685325263	1.285	0.0	0.0	0.0	0.0	0.0	0.0	8.866888519134775	57.7453531598513	25.12453531598513	0.0	0.0	0.0	59.57342657342657	11.934280639431616	26.42989214175655	0.0	0.0	9.2663139329806	4.915954415954416
S214_Ribosomal_S2_64556	98.3	Bacteria	Bacillota_A	Clostridia	Oscillospirales	Ruminococcaceae	Gemmiger	Gemmiger sp900554145	0.0	0.0	33.64274322169059	46.697916666666664	60.85627836611195	81.91433891992551	0.0	63.80930232558139	36.63917525773196	32.71383647798742	43.48854961832061	22.558823529411764	48.333333333333336	40.95376712328767	3.8774774774774774	9.043478260869565	29.9776	19.287401574803148	68.45125348189416	48.66942148760331	191.05410821643287	132.31401869158879	58.15798319327731	38.44582593250444	20.690437601296598	58.32235701906413	11.704248366013072	4.3224043715847	16.521815008726005	20.623639191290824	85.59757942511347	65.81710914454277	51.19085173501577	52.99150743099788	60.193939393939395	50.66188197767145	44.28526645768025
S214_Ribosomal_S2_461363	100.0	Bacteria	Bacillota_A	Clostridia	Christensenellales	CAG-138	RGIG3096	RGIG3096 sp017435185	0.0	0.0	0.0	0.0	0.0	0.0	0.0	0.0	0.0	0.0	0.0	0.0	0.6938775510204082	0.6326530612244898	0.0	0.0	0.0	0.0	0.0	0.0	0.0	0.0	0.0	0.0	2.3401360544217686	0.0	0.0	0.0	2.4081632653061225	0.0	21.07608695652174	5.414965986394558	0.0	8.979591836734693	4.108843537414966	0.0	0.0
S214_Ribosomal_S2_28212	99.6	Bacteria	Bacillota_A	Clostridia	TANB77	CAG-508	CAG-269	CAG-269 sp000431335	0.0	0.0	0.0	0.0	0.0	0.0	0.0	0.0	0.0	0.0	0.0	0.0	0.0	0.0	0.0	0.0	3.6915584415584415	0.0	0.0	0.0	0.0	0.0	0.0	0.0	0.0	0.0	0.0	0.0	0.0	0.0	0.0	0.0	0.0	9.896656534954408	12.3003003003003	83.06025641025641	1.6991643454038998
S214_Ribosomal_S2_463925	100.0	Bacteria	Bacillota_A	Clostridia	Oscillospirales	Acutalibacteraceae	CAG-217	CAG-217 sp000436335	0.0	0.0	0.0	1.1749680715197957	3.623243933588761	0.0	0.0	0.0	0.0	0.0	0.0	0.0	149.55421686746988	133.81864623243933	15.354300385109115	19.14351851851852	5.623762376237623	1.7713920817369093	21.550666666666668	23.030223390275953	141.47826086956522	68.94158553546592	69.38846153846154	47.22953451043339	1.7943805874840357	9.917864476386036	0.23243933588761176	129.22798742138366	13.254637436762225	36.56514657980456	0.0	0.0	0.0	0.0	0.0	16.511568123393317	11.283641160949868
S214_Ribosomal_S2_450104	100.0	Bacteria	Bacillota_A	Clostridia	Oscillospirales	Oscillospiraceae	None	None	0.0	0.0	3.8940217391304346	23.22530864197531	5.522648083623693	0.0	0.9019607843137255	0.0	1.4565217391304348	0.0	0.0	0.688212927756654	6.811594202898551	1.961352657004831	1.4468599033816425	1.0942028985507246	32.75708502024292	14.374074074074073	11.641873278236915	24.21262458471761	6.543478260869565	7.110803324099723	4.885931558935361	4.043478260869565	32.91315136476427	6.185990338164252	30.504830917874397	20.85672514619883	9.379227053140097	9.045893719806763	140.084375	38.36643835616438	23.036458333333332	35.12405063291139	25.55470737913486	22.2725	5.118357487922705
S214_Ribosomal_S2_123454	100.0	Bacteria	Bacillota_A	Clostridia	TANB77	CAG-508	CAG-269	None	0.0	0.0	0.0	0.0	0.0	0.0	0.0	0.0	0.0	0.0	0.0	0.0	0.0	2.5572519083969465	0.8107344632768362	0.9569377990430622	7.271186440677966	6.0875706214689265	0.0	0.0	0.0	0.0	0.0	0.0	0.0	0.0	0.0	0.0	0.0	0.0	0.0	1.5254237288135593	0.0	7.655172413793103	10.603399433427763	30.429378531073446	6.327683615819209
S214_Ribosomal_S2_192063	100.0	Bacteria	Bacillota_A	Clostridia	Oscillospirales	Oscillospiraceae	Vescimonas	Vescimonas coprocola	0.0	0.0	5.903914590747331	10.996913580246913	16.73109243697479	0.0	16.356164383561644	0.0	2.828828828828829	7.948529411764706	3.1419753086419755	2.4290123456790123	0.5833333333333334	3.75	0.0	0.0	9.29320987654321	0.0	2.3308823529411766	3.7467248908296944	24.160493827160494	10.435185185185185	0.0	4.114551083591332	32.140625	1.7623318385650224	29.68370607028754	11.147058823529411	4.28476821192053	2.79320987654321	29.243827160493826	1.6055555555555556	3.873456790123457	5.0246913580246915	10.988505747126437	8.579335793357934	3.9444444444444446
S214_Ribosomal_S2_371774	100.0	Bacteria	Bacillota_A	Clostridia	Oscillospirales	Oscillospiraceae	ER4	ER4 sp900317525	0.0	0.0	3.440881763527054	9.002758620689654	7.592233009708738	0.0	0.0	0.0	0.0	0.0	0.0	0.0	2.5510887772194306	2.876777251184834	0.0	0.0	14.475830815709969	2.8884297520661155	1.3994452149791956	0.0	23.028443113772454	22.174165457184326	4.165775401069519	1.205020920502092	9.760330578512397	3.272222222222222	11.976811594202898	3.6982591876208897	1.5606060606060606	3.5618892508143323	82.39393939393939	15.613540197461212	27.40988372093023	23.63525305410122	15.338568935427574	23.782537067545306	6.110132158590308
S214_Ribosomal_S2_422975	100.0	Bacteria	Bacillota_A	Clostridia	Oscillospirales	Acutalibacteraceae	Ruminococcus_E	None	0.0	0.0	0.0	0.0	0.0	0.0	740.3246977547495	0.0	0.0	0.0	88.15828402366864	0.0	41.71612903225807	31.19889502762431	0.0	0.0	0.0	0.0	0.0	0.0	0.0	0.0	0.0	0.0	0.0	0.0	0.0	0.0	0.0	44.03917910447761	40.1497919556172	0.0	6.179794520547945	57.79522184300341	54.33670033670034	0.0	0.0
S214_Ribosomal_S2_221251	100.0	Bacteria	Actinomycetota	Coriobacteriia	Coriobacteriales	Eggerthellaceae	Slackia_A	Slackia_A isoflavoniconvertens	0.0	0.0	22.51658767772512	0.0	18.244732576985413	70.45786963434023	12.901256732495511	0.0	0.0	0.0	0.0	0.0	25.97142857142857	14.286868686868686	8.335051546391753	5.5821114369501466	7.836986301369863	1.7104913678618858	10.717460317460317	8.657303370786517	9.456637168141594	5.5702614379084965	7.145339652448657	3.537109375	0.0	0.0	0.0	14.321428571428571	26.754180602006688	8.950166112956811	38.20916905444126	27.39027777777778	17.971599402092675	35.23032904148784	25.71955128205128	21.574229691876752	7.950413223140496
S214_Ribosomal_S2_42053	99.6	Bacteria	Bacillota_A	Clostridia	Oscillospirales	Oscillospiraceae	CAG-103	CAG-103 sp000432375	0.0	0.0	8.970078740157481	4.2682926829268295	11.7451564828614	0.0	0.0	1.5645933014354068	19.699001426533524	29.34722222222222	13.250463821892394	23.317073170731707	8.733711048158641	7.3232323232323235	1.2249560632688927	0.0	36.38483965014577	6.124573378839591	37.043055555555554	29.678571428571427	83.30115273775216	53.64750378214826	31.140030441400306	25.460547504025765	48.17657342657343	6.13481228668942	19.93049645390071	151.9512893982808	16.079166666666666	25.31044776119403	154.74031007751938	22.58805031446541	18.23444976076555	32.69348659003831	32.13627254509018	45.52612612612613	34.149136577708006
S214_Ribosomal_S2_490566	100.0	Bacteria	Bacillota_A	Clostridia	Lachnospirales	Lachnospiraceae	Coprococcus	Coprococcus sp000154245	0.0	0.0	27.433179723502302	0.747870528109029	2.352	0.0	0.0	0.0	0.0	0.0	0.0	0.0	46.857142857142854	39.34417344173442	44.16640746500778	31.25473321858864	67.1948275862069	31.957952468007313	57.87725631768953	30.87292817679558	3.937669376693767	0.7493224932249323	25.843694493783303	22.946938775510205	117.61652892561983	0.04878048780487805	54.50071736011478	0.0	0.0	0.0	0.8161925601750547	3.7361319340329837	0.0	41.45223880597015	45.89413447782547	46.56910569105691	7.769230769230769
S214_Ribosomal_S2_201298	100.0	Bacteria	Bacillota_A	Clostridia	Lachnospirales	Lachnospiraceae	Blautia_A	Blautia_A faecis	0.0	0.0	4.969551282051282	1.2669245647969052	1.8285714285714285	136.80982905982907	101.17029972752043	73.38731443994602	45.23451327433628	46.2914979757085	76.03986135181975	73.575	45.045627376425855	53.24350205198358	30.467532467532468	56.068145800316955	25.940068493150687	12.69889502762431	46.413851351351354	32.24050632911393	47.304794520547944	23.586709886547812	54.86512261580381	51.364500792393024	54.684285714285714	28.791525423728814	31.257142857142856	4.8101761252446185	17.310289389067524	22.475138121546962	15.860507246376812	19.43859649122807	5.751260504201681	53.8574144486692	57.55786350148368	32.68561872909699	7.410256410256411
S214_Ribosomal_S2_280150	100.0	Bacteria	Bacillota_A	Clostridia	None	None	None	None	0.0	0.0	0.0	0.0	0.0	4.0	0.0	3.8285714285714287	5.8	2.0	2.0	0.0	37.13333333333333	42.94897959183673	25.448979591836736	11.395833333333334	7.697916666666667	0.0	14.048387096774194	8.753623188405797	40.891891891891895	27.228571428571428	49.22549019607843	24.508474576271187	4.314285714285714	0.8548387096774194	10.177777777777777	7.4743589743589745	35.904761904761905	3.0	0.0	2.111111111111111	0.0	31.897959183673468	28.8375	5.905405405405405	0.0
S214_Ribosomal_S2_306776	97.2	Bacteria	Bacteroidota	Bacteroidia	Bacteroidales	Marinifilaceae	Butyricimonas	Butyricimonas sp900184685	0.0	0.0	0.0	1.3611111111111112	0.0	0.0	0.0	0.0	0.0	0.0	0.0	0.0	0.0	0.0	0.0	0.0	0.0	2.8981481481481484	0.0	0.0	5.976851851851852	0.0	0.0	0.0	7.945355191256831	0.0	0.0	0.0	0.0	0.0	0.0	0.0	0.0	0.0	0.0	1.6111111111111112	0.0
S214_Ribosomal_S2_24669	100.0	Bacteria	Bacillota_A	Clostridia	Lachnospirales	Lachnospiraceae	Anaerostipes	Anaerostipes hadrus	0.0	0.0	13.858992805755395	20.537477148080438	1.4732297063903281	374.3802588996764	72.37960339943342	88.93798449612403	24.52132701421801	106.73574408901251	11.21502209131075	221.40785498489427	100.43272171253822	93.81832543443917	18.443076923076923	26.935	32.87339743589744	4.6638078902229845	25.076013513513512	28.287407407407407	38.93154761904762	15.522388059701493	52.73220338983051	49.24215246636771	26.326050420168066	102.72534142640365	108.88282504012841	1.312638580931264	109.50490196078431	200.8385093167702	15.123249299719888	19.317307692307693	5.353140916808149	57.62573099415204	47.51554828150573	69.0472027972028	8.00344827586207
S214_Ribosomal_S2_13922	100.0	Bacteria	Bacillota_A	Clostridia	Oscillospirales	Ruminococcaceae	Gemmiger	None	0.0	0.0	12.16060606060606	0.0	0.0	223.4326375711575	0.0	0.0	0.0	0.8459016393442623	0.0	0.6375968992248062	47.0896	46.867834394904456	49.52724358974359	44.4486301369863	37.950171821305844	15.213028169014084	65.3015214384509	37.464098073555164	61.005639097744364	35.83069620253165	46.96335877862595	34.054964539007095	47.8202416918429	3.4411764705882355	19.203799654576855	15.712328767123287	11.057142857142857	11.199013157894736	13.524256651017215	7.085173501577287	6.966917293233083	23.4575260804769	33.5140625	39.46965317919075	16.364864864864863
S214_Ribosomal_S2_445029	98.1	Bacteria	Bacillota_A	Clostridia	Lachnospirales	Lachnospiraceae	Blautia_A	Blautia_A sp900066505	0.0	0.0	0.0	5.324675324675325	0.0	0.0	4.503623188405797	0.0	0.0	1.0204778156996588	2.4260869565217393	0.0	4.075117370892019	3.996941896024465	4.134057971014493	0.0	0.0	0.0	0.0	0.9235474006116208	3.7353951890034365	0.0	3.364	5.905882352941177	0.0	0.0	0.0	0.0	7.765258215962441	7.448529411764706	0.0	0.0	0.0	4.03921568627451	9.925324675324676	5.025531914893617	0.0
S214_Ribosomal_S2_492650	99.1	Bacteria	Bacillota_A	Clostridia	Oscillospirales	Oscillospiraceae	CAG-170	CAG-170 sp900549635	0.0	0.0	5.670940170940171	0.0	0.0	0.0	0.0	0.0	0.0	0.0	0.0	0.0	4.820998278829604	4.6072106261859584	0.0	0.0	0.0	1.264957264957265	1.0202578268876612	3.7304347826086954	4.888888888888889	10.228621291448517	1.8618233618233617	2.2616984402079723	1.0805755395683454	1.7249134948096885	6.032558139534884	0.0	0.8561253561253561	0.0	49.59598853868195	29.22278056951424	5.8164948453608245	13.152941176470588	4.282327586206897	17.334579439252337	9.393162393162394
S214_Ribosomal_S2_144493	99.6	Bacteria	Bacillota_A	Clostridia	Lachnospirales	Lachnospiraceae	UBA11774	UBA11774 sp003507655	0.0	0.0	0.0	0.0	0.0	0.0	0.0	0.0	0.0	1.6246612466124661	0.0	5.252032520325203	2.5067750677506777	0.882525697503671	0.0	0.0	3.1043360433604335	1.0623100303951367	3.28319783197832	3.6839080459770117	24.585570469798657	15.067708333333334	0.25745257452574527	5.643063583815029	3.408525754884547	0.0	5.602605863192182	0.0	0.0	0.0	2.4295392953929538	0.0	0.0	11.469835466179159	12.318181818181818	23.998644986449865	1.5524017467248907
S214_Ribosomal_S2_260718	96.5	Bacteria	Bacteroidota	Bacteroidia	Bacteroidales	Muribaculaceae	Limisoma	None	0.0	0.0	10.210235131396956	45.75	40.88035714285714	0.0	0.0	0.0	0.0	0.0	0.0	0.0	18.720364741641337	14.147952443857331	0.4789410348977136	6.639759036144579	49.01095461658842	24.984184914841848	5.3586309523809526	6.370056497175141	122.30478955007257	75.63239875389408	88.53307392996109	69.36265223274695	0.0	0.0	0.0	0.0	0.0	0.0	26.367283950617285	53.11608623548922	52.01170568561873	32.57575757575758	27.306089743589745	84.77485380116958	34.32567049808429
S214_Ribosomal_S2_171121	97.5	Bacteria	Bacillota_A	Clostridia	Oscillospirales	Oscillospiraceae	Faecousia	Faecousia sp934615645	0.0	0.0	0.0	1.188095238095238	0.0	0.0	0.0	0.0	0.0	0.0	0.0	0.0	5.270833333333333	4.854881266490765	0.0	0.0	2.4047619047619047	1.2119047619047618	0.0	2.261904761904762	0.0	0.0	0.0	0.719047619047619	0.0	0.0	0.0	0.3208955223880597	0.0	2.3857142857142857	8.526315789473685	0.0	0.0	3.2876254180602005	1.8774703557312253	1.431980906921241	2.157142857142857
S214_Ribosomal_S2_57970	100.0	Bacteria	Bacillota_A	Clostridia	Oscillospirales	Acutalibacteraceae	Clostridium_A	Clostridium_A leptum	0.0	0.0	1.1422845691382766	0.9611780455153949	0.0	0.0	1.7817938420348058	0.0	0.0	0.0	0.0	0.0	3.363259668508287	6.073873873873874	0.0	0.0	0.0	0.0	1.5890227576974565	0.0	0.0	0.7884872824631861	0.10575635876840696	0.8955823293172691	3.1415797317436662	0.0	2.5436241610738257	17.73709677419355	17.853932584269664	0.0	7.847701149425287	88.62208398133748	0.0	25.34947049924357	24.25987841945289	15.37351443123939	11.436697247706421
S214_Ribosomal_S2_387187	97.9	Bacteria	Bacillota_A	Clostridia	Oscillospirales	Ruminococcaceae	Ruminococcus	Ruminococcus sp900761275	0.0	0.0	0.0	0.0	0.0	0.0	0.0	0.0	0.0	5.393388429752066	0.0	1.473922902494331	17.441558441558442	19.109780439121757	0.7849462365591398	0.75	29.01502732240437	9.407407407407407	2.7688172043010755	3.4704301075268815	0.7012750455373407	0.0	5.170698924731183	3.131720430107527	1.6048387096774193	2.3655913978494625	2.7661290322580645	0.0	1.4045698924731183	0.8064516129032258	1.187122736418511	1.6048387096774193	0.42437923250564336	36.73544093178037	32.15577889447236	39.386623164763456	13.231805929919137
S214_Ribosomal_S2_483958	100.0	Bacteria	Bacillota_A	Clostridia	Oscillospirales	Ruminococcaceae	None	None	0.0	0.0	6.62987012987013	59.18181818181818	25.535353535353536	0.0	199.8989898989899	40.41717791411043	69.81313131313131	72.36363636363636	14.242424242424242	31.439393939393938	24.52020202020202	21.914141414141415	46.62626262626262	31.742424242424242	37.23737373737374	16.481283422459892	20.59090909090909	17.07070707070707	30.904040404040405	22.456852791878173	10.474747474747474	9.96	15.681818181818182	0.0	32.005050505050505	26.59090909090909	16.873737373737374	42.76767676767677	56.686868686868685	0.0	5.06282722513089	0.0	17.368794326241133	8.237569060773481	19.346153846153847
S214_Ribosomal_S2_304767	100.0	Bacteria	Bacillota_A	Clostridia	Oscillospirales	Ruminococcaceae	CAG-115	CAG-115 sp003531585	0.0	0.0	6.572327044025157	0.0	0.0	0.0	0.0	0.0	0.0	0.0	0.0	0.0	0.0	0.0	0.0	0.0	24.696428571428573	10.78888888888889	0.0	0.0	16.711409395973153	13.568888888888889	0.0	4.117241379310345	0.0	3.5555555555555554	4.640740740740741	0.0	0.0	0.0	1.5133928571428572	4.378787878787879	12.05	0.0	0.0	16.939655172413794	8.566115702479339
S214_Ribosomal_S2_221312	100.0	Bacteria	Bacillota_A	Clostridia	Lachnospirales	Lachnospiraceae	Mediterraneibacter	Mediterraneibacter faecis	0.0	0.0	19.127243066884176	16.16436251920123	7.168	67.00954198473282	68.38335809806836	65.94314381270902	8.481611208406305	42.38437001594896	12.157185628742514	57.916	351.80882352941177	297.75396825396825	196.928895612708	174.49514563106797	135.4869029275809	41.0956340956341	289.25085324232083	204.63081861958267	66.7471098265896	44.045614035087716	66.99307479224376	48.971039182282794	36.03284671532847	77.6	78.47590361445783	23.77621283255086	129.51482059282372	153.73605947955392	51.16943521594684	94.40806451612903	37.87621696801113	157.79146919431278	125.96884272997033	96.96521739130435	16.09463276836158
S214_Ribosomal_S2_157313	100.0	Bacteria	Bacillota_A	Clostridia	Lachnospirales	Lachnospiraceae	Caccovicinus	Caccovicinus sp910584785	0.0	0.0	9.32716049382716	3.0	0.0	306.7073170731707	13.686746987951807	36.80487804878049	5.863095238095238	47.01960784313726	21.60431654676259	62.63414634146341	55.50993377483444	57.896341463414636	24.84431137724551	43.93984962406015	19.888059701492537	7.495798319327731	60.43835616438356	55.560509554140125	58.65853658536585	30.567073170731707	67.9939024390244	45.56707317073171	39.22222222222222	72.1103448275862	68.55357142857143	12.326797385620916	87.8993710691824	89.70394736842105	7.015267175572519	17.53900709219858	12.833333333333334	38.08910891089109	30.835616438356166	9.75	0.0
S214_Ribosomal_S2_35969	96.1	Bacteria	Bacillota_A	Clostridia	Christensenellales	CAG-74	RUG740	RUG740 sp900315675	0.0	0.0	3.2751937984496124	0.0	0.0	0.0	0.0	0.0	0.0	0.0	0.0	0.0	7.023255813953488	12.305825242718447	8.017167381974248	5.981566820276497	6.174418604651163	0.0	0.4418604651162791	0.0	0.0	2.2868217054263567	5.47136563876652	4.868421052631579	2.1666666666666665	2.10077519379845	0.0	3.4728682170542635	0.5503875968992248	6.0807174887892375	4.449612403100775	4.043269230769231	2.87984496124031	7.616279069767442	0.0	12.921052631578947	0.0
S214_Ribosomal_S2_465540	99.6	Bacteria	Bacillota_A	Clostridia	Oscillospirales	Acutalibacteraceae	Eubacterium_R	Eubacterium_R sp000436835	0.0	0.0	59.8992700729927	0.0	0.0	0.0	1.0256410256410255	3.6666666666666665	1.2847503373819162	0.18893387314439947	0.9190283400809717	14.657219973009447	0.9122807017543859	0.3292847503373819	14.707154742096506	66.9199318568995	26.89402697495183	9.011041009463723	19.542105263157893	21.682745825602968	33.0787269681742	27.79217273954116	29.61679389312977	14.845094664371773	0.0	0.9838056680161943	0.5290148448043185	0.0	1.4898785425101215	1.5492577597840755	48.87692307692308	16.1887323943662	10.27787610619469	109.96416382252559	75.89126853377265	59.51176470588236	11.424113475177306
S214_Ribosomal_S2_341129	98.5	Bacteria	Bacillota_A	Clostridia	TANB77	CAG-508	UMGS1781	UMGS1781 sp900553695	0.0	0.0	0.0	0.0	0.0	0.0	0.0	0.0	0.0	0.0	0.0	0.0	0.0	0.0	0.0	0.0	0.0	0.0	0.0	0.0	0.0	0.0	0.0	0.0	0.0	0.0	0.0	0.0	0.0	0.0	0.0	0.0	0.0	17.80701754385965	21.90971272229822	4.923959827833572	0.6808118081180812
S214_Ribosomal_S2_84622	97.5	Bacteria	Bacteroidota	Bacteroidia	Bacteroidales	Tannerellaceae	Parabacteroides	None	0.0	0.0	0.0	3.9421487603305785	8.688144329896907	0.0	8.436426116838488	4.663608562691132	7.653061224489796	10.251889168765743	0.0	17.732876712328768	0.0	1.5641891891891893	0.0	2.2071428571428573	6.995238095238095	0.0	0.0	0.0	9.222527472527473	4.1041162227602905	19.090680100755666	22.645070422535213	7.186390532544379	0.5739644970414202	12.595238095238095	0.47413793103448276	1.7058823529411764	2.2476190476190476	1.111904761904762	0.0	0.0	0.0	0.0	8.880116959064328	1.146417445482866
S214_Ribosomal_S2_312974	100.0	Bacteria	Bacillota_A	Clostridia	Oscillospirales	Oscillospiraceae	Limivicinus	Limivicinus sp900547315	0.0	0.0	0.0	0.0	0.0	0.0	0.0	0.0	0.0	0.0	0.0	0.0	6.301324503311259	3.587183308494784	0.5478615071283096	0.0	0.0	0.0	0.0	0.0	0.0	0.0	0.0	0.0	0.0	0.0	0.0	7.782051282051282	0.0	0.5853658536585366	72.6112	30.68212824010914	10.66161616161616	2.2985865724381624	5.545454545454546	14.238505747126437	2.165204678362573
S214_Ribosomal_S2_64150	100.0	Bacteria	Bacillota_A	Clostridia	Oscillospirales	Ruminococcaceae	Faecalibacterium	None	0.0	0.0	175.16105769230768	248.6042654028436	401.76703296703295	116.4400871459695	234.5773381294964	210.5214899713467	230.30382775119617	252.39918533604887	124.82367149758454	296.34285714285716	359.3694117647059	369.73198198198196	299.9782135076253	359.68496420047734	182.1710758377425	86.94866920152091	348.04893617021276	288.862700228833	351.54605263157896	233.9744094488189	209.75897435897437	156.4826923076923	285.1439024390244	81.73837209302326	234.55654101995566	131.43956043956044	252.19037656903765	342.18401937046	197.89352818371609	105.63513513513513	93.22774869109948	186.72885572139305	208.68466522678185	125.61134453781513	93.00510204081633
S214_Ribosomal_S2_257178	98.9	Bacteria	Bacillota_A	Clostridia	Oscillospirales	Ruminococcaceae	Faecalibacterium	None	0.0	0.0	93.10791366906474	84.77037037037037	53.2029520295203	5.069333333333334	154.09935897435898	145.8385269121813	281.216	314.544	54.198830409356724	67.78827361563518	249.32266666666666	264.3066666666667	82.86186186186187	149.88533333333334	110.74054054054054	23.865900383141764	179.40740740740742	164.84109589041097	149.54354354354354	88.16245487364621	61.44444444444444	53.496688741721854	335.22677595628414	36.95785440613027	264.02133333333336	64.91039426523298	78.09698996655518	191.25333333333333	110.312	47.77	46.10204081632653	48.54362416107382	54.68592057761733	69.02346041055719	35.35840707964602
S214_Ribosomal_S2_398495	99.6	Bacteria	Bacillota_A	Clostridia	Lachnospirales	Lachnospiraceae	Blautia_A	Blautia_A wexlerae_B	0.0	0.0	100.69668246445498	77.81238615664846	45.59219858156028	773.8087818696883	239.77208480565372	393.9908925318761	99.9841726618705	346.66043165467624	207.34705075445817	538.5969387755102	764.8032305433187	761.4798387096774	642.639880952381	520.1816770186335	169.88023088023087	44.51014040561623	344.868778280543	198.57271095152603	362.8899521531101	201.4909090909091	293.43536404160477	249.21951219512195	141.6477900552486	78.68532526475038	87.65290519877676	65.64125560538116	220.36617405582922	262.70258620689657	135.3470588235294	32.38619676945668	28.778378378378378	180.0921985815603	116.19253731343284	152.20904836193446	37.024916943521596
S214_Ribosomal_S2_428724	99.6	Bacteria	Bacillota_A	Clostridia	Oscillospirales	Ruminococcaceae	Ruminococcus_C	Ruminococcus_C sp000437255	0.0	0.0	0.3088888888888889	0.0	0.0	0.0	5.155339805825243	0.0	0.0	0.0	0.0	0.0	0.0	0.0	0.0	0.0	0.38565022421524664	0.0	0.6023809523809524	1.1991701244813278	3.775261324041812	0.0	0.38926174496644295	2.499047619047619	0.0	0.0	0.6132075471698113	0.0	0.0	0.0	0.0	0.0	0.0	14.92429022082019	19.13651877133106	0.0	0.0
S214_Ribosomal_S2_465593	100.0	Bacteria	Bacteroidota	Bacteroidia	Bacteroidales	Barnesiellaceae	Barnesiella	Barnesiella intestinihominis	0.0	0.0	0.0	6.9870550161812295	2.7824497257769654	0.0	0.0	0.0	0.0	0.0	0.0	0.0	0.0	0.0	0.0	0.0	0.0	0.0	0.0	0.0	67.52555910543131	36.38450074515648	2.657142857142857	1.3398876404494382	34.21045751633987	28.208215297450426	49.96345029239766	5.816425120772947	0.0	9.964336661911554	1.6952380952380952	0.0	0.0	9.039889958734525	4.319358816276202	27.087349397590362	2.5433673469387754
S214_Ribosomal_S2_366786	100.0	Bacteria	Bacillota_A	Clostridia	Oscillospirales	Ruminococcaceae	Faecalibacterium	None	0.0	0.0	39.54978354978355	54.41558441558441	166.35714285714286	0.0	17.70995670995671	40.7965367965368	22.965367965367964	65.51948051948052	29.272727272727273	63.15584415584416	79.62770562770562	81.55844155844156	33.46320346320346	30.73160173160173	84.86147186147186	23.774891774891774	146.72727272727272	131.76623376623377	136.42424242424244	84.07359307359307	63.8051948051948	62.61471861471861	70.18181818181819	30.01298701298701	37.73593073593074	63.962566844919785	95.49350649350649	95.3073593073593	69.62770562770562	35.03463203463203	10.514851485148515	85.45454545454545	59.95238095238095	25.551020408163264	29.948051948051948
S214_Ribosomal_S2_326343	96.3	Bacteria	Bacillota_A	Clostridia	Christensenellales	CAG-74	Limiplasma	Limiplasma sp900548145	0.0	0.0	8.622923588039868	0.0	0.0	0.0	0.0	0.0	0.0	0.0	0.0	0.0	25.983136593591905	22.605797101449276	9.902046783625732	9.467902995720399	3.5077989601386483	0.0	2.7803030303030303	5.778666666666667	23.255434782608695	7.1008	2.748549323017408	3.317803660565724	0.6019047619047619	3.6213333333333333	1.1529850746268657	1.8974739970282317	0.0	0.0	3.620031796502385	13.243795620437956	2.316804407713499	11.644039735099337	7.986547085201794	4.240887480190175	0.801178203240059
S214_Ribosomal_S2_380616	100.0	Bacteria	Bacillota_A	Clostridia	Oscillospirales	Ruminococcaceae	Ruminococcus_D	Ruminococcus_D sp934435205	0.0	0.0	4.244019138755981	0.0	0.0	0.0	0.0	0.0	9.427672955974844	96.36029411764706	19.665505226480835	53.97959183673469	0.0	0.0	0.0	0.0	5.156583629893238	1.1681957186544343	0.0	1.0642201834862386	0.0	0.0	0.0	0.0	7.018927444794953	0.0	0.07951070336391437	0.0	0.0	0.0	7.862385321100917	0.03669724770642202	0.0	3.208469055374593	2.9694189602446484	0.0	0.0
S214_Ribosomal_S2_51913	100.0	Bacteria	Bacillota_A	Clostridia	Lachnospirales	Lachnospiraceae	Fusicatenibacter	Fusicatenibacter saccharivorans	0.0	0.0	54.10894941634241	78.52380952380952	171.85204991087343	4.123674911660777	332.80330578512394	755.1916666666667	239.09854604200322	475.4201550387597	191.2436974789916	497.2943786982249	614.0331010452961	508.1409168081494	234.98257839721254	262.3805436337625	40.137535816618914	26.02673796791444	254.14264036418817	152.99142367066895	439.18652037617557	276.9905213270142	63.80104712041885	46.79304635761589	240.1829971181556	69.3259052924791	32.66467958271237	12.071544715447155	263.3001485884101	222.0057915057915	23.546583850931675	39.312849162011176	4.728260869565218	68.14159292035399	54.28727272727273	104.33232169954476	46.97946287519747
S214_Ribosomal_S2_465099	100.0	Bacteria	Bacillota_A	Clostridia	Lachnospirales	Lachnospiraceae	Limivivens	Limivivens sp900543575	0.0	0.0	0.6615384615384615	14.416666666666666	13.028328611898017	6.354508196721311	0.0	12.018320610687024	5.267801857585139	9.387096774193548	3.003831417624521	9.157281553398057	37.43684992570579	34.95988538681949	23.033450704225352	21.985507246376812	2.850091407678245	5.472727272727273	14.536873156342184	12.598976109215018	31.579268292682926	16.648255813953487	14.263157894736842	11.13109756097561	14.063076923076924	5.296466973886329	17.141304347826086	6.7370030581039755	11.536779324055667	22.574212893553224	6.102985074626866	20.069577080491133	2.0215343203230147	9.92572463768116	13.816618911174785	6.209677419354839	2.0854166666666667
S214_Ribosomal_S2_285906	100.0	Bacteria	Bacteroidota	Bacteroidia	Bacteroidales	Bacteroidaceae	Prevotella	Prevotella sp003447235	0.0	0.0	0.0	58.41804320203304	73.05636070853463	0.0	0.0	0.0	0.0	0.0	0.0	0.0	0.0	0.0	0.0	0.0	17.701602959309493	4.730593607305936	13.397944199706314	4.452616690240452	0.0	0.0	0.0	0.0	0.0	0.0	0.0	0.0	0.0	0.0	2.772121212121212	9.062228654124457	3.8654545454545453	19.538834951456312	20.998493975903614	37.32078313253012	21.73942701227831
S214_Ribosomal_S2_461010	100.0	Bacteria	Bacillota_A	Clostridia	Christensenellales	CAG-74	None	None	0.0	0.0	2.48125	0.0	3.9753086419753085	0.0	3.993827160493827	0.0	0.0	0.0	0.0	0.0	32.42424242424242	41.18518518518518	9.623456790123457	10.54320987654321	9.398496240601503	1.7407407407407407	15.837037037037037	12.287769784172662	8.962962962962964	3.6419753086419755	3.2037037037037037	6.991071428571429	0.0	4.076335877862595	5.532846715328467	0.0	2.7261146496815285	8.211864406779661	0.0	11.518518518518519	2.1604938271604937	7.438271604938271	12.563909774436091	4.209876543209877	2.271604938271605
S214_Ribosomal_S2_310485	100.0	Bacteria	Bacillota_A	Clostridia	Christensenellales	CAG-74	Ventricola	Ventricola sp934630975	0.0	0.0	2.408348457350272	3.398589065255732	9.58203125	0.0	0.0	0.0	0.0	0.0	0.0	0.0	40.426086956521736	38.021413276231264	28.3668430335097	27.690677966101696	8.291764705882352	7.297244094488189	18.145719489981786	18.55731922398589	12.093506493506494	10.8014440433213	0.0	2.3968253968253967	6.88689407540395	2.750611246943765	7.136986301369863	4.5488888888888885	3.706948640483384	4.46189376443418	20.54366812227074	7.488664987405541	14.659313725490197	12.331182795698926	15.134146341463415	13.184538653366584	8.846435100548446
S214_Ribosomal_S2_130263	100.0	Bacteria	Bacillota_A	Clostridia	Oscillospirales	Oscillospiraceae	None	None	0.0	0.0	3.5652173913043477	0.0	0.0	0.0	0.0	0.0	0.0	0.0	0.0	0.0	1.84375	5.9375	2.0	3.8229166666666665	0.0	0.0	0.0	0.0	4.333333333333333	7.885416666666667	7.211764705882353	6.895833333333333	0.0	0.0	1.0	0.0	0.0	0.0	19.6875	13.59375	5.904255319148936	0.0	1.0	0.0	0.0
S214_Ribosomal_S2_64218	100.0	Bacteria	Bacillota_A	Clostridia	Lachnospirales	Lachnospiraceae	Eubacterium_G	Eubacterium_G ventriosum	0.0	0.0	0.7165354330708661	0.0	0.0	0.0	15.771217712177123	37.393893129770994	10.305944055944057	25.594882729211086	7.193650793650794	50.80098684210526	0.7777777777777778	1.8834019204389574	2.3909465020576133	2.9061624649859943	7.145929339477727	1.6349480968858132	12.795610425240055	3.818936877076412	17.925133689839573	20.61769115442279	3.584319526627219	0.6626016260162602	2.29	2.0713305898491083	2.0932539682539684	0.0	5.397009966777409	4.6318407960199	1.9561042524005487	0.0	1.0123456790123457	16.46586345381526	20.650263620386642	41.94012944983819	0.0
S214_Ribosomal_S2_237275	99.6	Bacteria	Bacillota_A	Clostridia	Lachnospirales	Lachnospiraceae	CAG-45	CAG-45 sp000438375	0.0	0.0	47.12903225806452	0.0	0.0	0.0	2.316109422492401	0.0	0.0	0.0	0.0	0.0	11.8	12.926530612244898	2.814569536423841	1.04930966469428	2.872108843537415	0.7619047619047619	3.0394557823129253	0.581081081081081	17.951972555746142	7.375757575757576	11.746166950596253	9.266263237518912	0.0	0.0	1.1175468483816013	0.0	0.0	0.0	0.0	0.0	0.0	14.402476780185758	2.1551020408163266	1.6938775510204083	0.0
S214_Ribosomal_S2_391391	100.0	Bacteria	Bacillota_A	Clostridia	Peptostreptococcales	Anaerovoracaceae	CAKQOE01	CAKQOE01 sp934255545	0.0	0.0	0.0	0.0	0.0	0.0	0.0	0.0	0.0	0.0	0.0	0.0	3.3196480938416424	1.0075949367088608	1.935897435897436	5.89957264957265	4.1847133757961785	0.0	0.6479750778816199	0.0	0.8620689655172413	1.9423076923076923	0.0	0.0	0.0	0.0	0.0	0.0	0.0	0.0	0.0	1.267094017094017	0.0	3.9977477477477477	5.71039603960396	0.0	0.0
S214_Ribosomal_S2_485603	100.0	Bacteria	Bacillota_A	Clostridia	Lachnospirales	Lachnospiraceae	Dorea_A	Dorea_A longicatena	0.0	0.0	30.10337972166998	14.505295007564296	23.306474820143883	0.0	73.67942583732058	268.4260869565217	50.94636678200692	69.41066282420749	62.81138211382114	112.22366522366522	276.32142857142856	216.39316239316238	235.97453310696096	226.98347107438016	105.06906906906907	27.47875816993464	146.93855606758834	95.55983493810179	156.71527777777777	72.67724137931035	322.8098256735341	208.33286318758815	61.58344827586207	45.614583333333336	115.03139717425432	18.25993883792049	184.92927864214994	143.00601503759398	24.00413223140496	67.7588424437299	11.696428571428571	151.934628975265	135.420054200542	115.7664	27.982118294360387
S214_Ribosomal_S2_201963	100.0	Bacteria	Bacillota_A	Clostridia	TANB77	CAG-508	CAG-245	CAG-245 sp000434195	0.0	0.0	0.0	0.0	0.0	0.0	0.0	0.0	0.0	0.0	0.0	0.0	11.94296577946768	3.7096774193548385	0.6692015209125475	0.743979721166033	1.324655436447167	0.23574144486692014	0.0	0.4309252217997465	0.0	0.0	0.0	0.0	0.0	0.1267427122940431	0.0	0.0	0.0	0.0	0.9049429657794676	0.0	0.0	11.151554404145077	6.654761904761905	48.76299112801014	0.0
S214_Ribosomal_S2_425195	100.0	Bacteria	Bacillota_A	Clostridia	Oscillospirales	Ruminococcaceae	Faecalibacterium	Faecalibacterium hattorii	0.0	0.0	94.98107255520505	77.43597122302158	85.93444909344491	3.810760667903525	69.7487922705314	866.1023622047244	368.3121495327103	350.81344537815124	110.79776847977685	422.65153970826583	306.7907949790795	271.94660894660893	151.6347197106691	154.11436541143655	160.84518828451883	65.94700139470014	290.2731343283582	201.41701534170153	450.46755162241885	264.57887120115777	278.23927392739273	258.98480243161094	114.97913322632424	27.14724919093851	74.01883561643835	86.2092050209205	110.55369595536959	145.5941422594142	301.7921440261866	40.64823008849557	25.28091603053435	131.31952662721895	96.8921568627451	83.31276901004304	54.84724186704385
S214_Ribosomal_S2_325355	100.0	Bacteria	Bacillota_A	Clostridia	Lachnospirales	Lachnospiraceae	Agathobacter	Agathobacter rectalis	0.0	0.0	171.42762063227954	49.53894080996885	22.139414802065403	2.2816188870151772	844.4628571428572	128.92857142857142	86.34177215189874	502.34007352941177	236.85133020344287	526.4374057315234	406.29059829059827	377.25034770514605	494.84466019417476	787.9216783216783	465.0342935528121	155.18412698412698	445.705329153605	301.7628205128205	223.6780303030303	114.27545909849749	171.5151515151515	157.81643835616438	197.66466165413533	319.0367847411444	172.5827538247566	121.28899082568807	783.9911894273127	1160.2666666666667	56.120289855072464	138.7417910447761	91.6952380952381	33.62697274031564	26.567026194144837	294.31775700934577	95.69969512195122
S214_Ribosomal_S2_165115	97.1	Bacteria	Bacillota_A	Clostridia	Christensenellales	CAG-74	Fimadaptatus	Fimadaptatus faecigallinarum	0.0	0.0	0.0	0.0	0.0	0.0	0.0	0.0	0.0	0.0	0.0	0.0	8.601156069364162	13.345588235294118	8.080769230769231	10.07286432160804	3.662857142857143	1.8309523809523809	9.690666666666667	3.630952380952381	3.6547619047619047	2.922222222222222	4.935656836461126	11.428940568475452	0.0	3.7320872274143304	3.862619808306709	3.56957928802589	0.0	9.295819935691318	14.370030581039755	13.172638436482085	5.0285714285714285	10.826829268292682	4.0310077519379846	0.0	2.8119047619047617
S214_Ribosomal_S2_143102	99.6	Bacteria	Bacteroidota	Bacteroidia	Bacteroidales	Bacteroidaceae	Prevotella	None	0.0	0.0	36.06624605678233	356.0457317073171	195.21666666666667	0.0	0.0	0.0	0.0	0.0	0.0	0.0	115.1051724137931	118.86644407345575	71.7424511545293	107.81626928471248	1146.7209677419355	541.3186274509804	175.08823529411765	118.59322033898304	220.81916817359854	100.11550632911393	281.37340876944836	443.02344827586205	133.4181818181818	20.903924221921514	186.86103896103896	102.96610169491525	165.63486842105263	520.8217270194986	11.573281452658884	2.994690265486726	6.591176470588235	23.29254571026723	5.804347826086956	467.9386331938633	190.55018587360595
S214_Ribosomal_S2_473342	99.6	Bacteria	Bacillota_A	Clostridia	Oscillospirales	Oscillospiraceae	Onthomonas	Onthomonas sp900758315	0.0	0.0	0.0	0.0	0.0	0.0	0.0	0.0	0.0	0.0	0.0	0.0	0.0	0.9929453262786596	0.0	0.0	0.0	0.0	1.4003407155025553	1.2191011235955056	0.0	0.0	0.0	0.0	0.0	0.0	0.0	0.0	0.0	0.0	3.4992412746585737	0.0	0.0	19.518026565464897	18.39512195121951	9.891846921797004	3.389751552795031
S214_Ribosomal_S2_215296	100.0	Bacteria	Bacillota	Bacilli	Erysipelotrichales	Coprobacillaceae	None	None	0.0	0.0	0.9045521292217328	4.1078787878787875	0.0	63.311708860759495	0.7230215827338129	27.39967105263158	0.7927007299270074	14.742198100407055	5.341926729986431	22.342902711323763	13.51987281399046	26.37465940054496	9.397849462365592	10.955140186915887	1.5013736263736264	0.0	3.9507042253521125	1.3154172560113153	0.0	0.0	1.6757741347905282	0.0	4.4535073409461665	5.808450704225352	2.493150684931507	0.0	2.771144278606965	5.660458452722063	3.4268585131894485	0.0	0.0	7.771956856702619	7.348529411764706	6.902077151335312	1.6378896882494005
S214_Ribosomal_S2_306945	98.4	Bacteria	Bacillota_A	Clostridia	Oscillospirales	Ruminococcaceae	Angelakisella	Angelakisella sp934524965	0.0	0.0	0.0	0.0	0.0	0.0	0.0	0.0	0.0	0.0	0.0	0.0	0.0	0.0	0.0	0.0	4.549828178694158	4.106583072100314	0.0	1.3515625	0.0	0.0	0.0	0.0	3.8544973544973544	0.8628571428571429	33.496	3.4690909090909092	0.0	0.0	16.35494880546075	0.0	0.0	5.388586956521739	7.038922155688622	9.846354166666666	4.280898876404494
S214_Ribosomal_S2_217859	100.0	Bacteria	Bacillota_A	Clostridia	Peptostreptococcales	Anaerovoracaceae	Lentihominibacter	Lentihominibacter faecis	0.0	0.0	0.37757437070938216	2.39917695473251	1.5374677002583979	0.0	3.7131782945736433	0.0	0.0	0.0	0.0	0.0	11.689922480620154	13.051330798479087	2.0321027287319424	3.91268758526603	1.2810880829015545	0.0	18.84264705882353	7.1278600269179	9.818045112781954	6.884927066450567	22.434604904632153	14.493827160493828	5.121546961325967	3.3855855855855856	7.673434856175973	4.386304909560724	1.5607235142118863	4.2542857142857144	7.745961820851688	9.463824289405684	3.370860927152318	5.508982035928144	6.405684754521964	0.517162471395881	0.0
S214_Ribosomal_S2_106767	100.0	Bacteria	Bacillota_A	Clostridia	Lachnospirales	Lachnospiraceae	Roseburia	Roseburia hominis	0.0	0.0	6.522273425499232	1.0217076700434153	3.7513513513513512	0.0	11.094455852156058	6.0	16.356666666666666	17.399068322981368	3.117408906882591	19.51987281399046	1.101063829787234	4.412955465587045	1.805668016194332	0.5506072874493927	1.6187943262411348	2.4197031039136303	0.9230769230769231	3.2010796221322537	8.842287694974004	3.704081632653061	3.684848484848485	4.12241653418124	39.86516853932584	10.183535762483132	12.75186846038864	13.057262569832401	0.815114709851552	3.0894941634241246	12.538827258320127	3.289833080424886	15.388781431334623	27.54974704890388	13.19092331768388	14.657051282051283	4.783258594917788
S214_Ribosomal_S2_106262	100.0	Bacteria	Bacillota_A	Clostridia	Oscillospirales	Ruminococcaceae	Faecalibacterium	Faecalibacterium sp900551435	0.0	0.0	24.414893617021278	2.684684684684685	3.009009009009009	0.0	0.0	11.2875	14.73913043478261	2.8645833333333335	1.7207207207207207	16.916666666666668	44.973684210526315	54.602409638554214	40.89908256880734	12.012820512820513	6.776315789473684	4.684684684684685	25.670731707317074	23.34234234234234	5.613636363636363	6.815789473684211	10.258426966292134	27.127659574468087	1.4864864864864864	0.5675675675675675	0.8558558558558559	4.505263157894737	3.4054054054054053	0.9625	4.513513513513513	7.8558558558558556	8.783783783783784	20.375	16.872093023255815	12.092783505154639	14.338028169014084
S214_Ribosomal_S2_340250	99.3	Bacteria	Bacillota_A	Clostridia	Oscillospirales	Ruminococcaceae	Faecalibacterium	None	0.0	0.0	42.062130177514796	126.58947368421053	12.13375796178344	4.3852813852813854	180.63615560640733	123.15876777251185	241.88397790055248	295.1180722891566	62.24561403508772	62.79155672823219	293.5702005730659	319.27522935779814	81.29395604395604	140.1601941747573	70.45238095238095	33.46965699208443	229.9882005899705	107.16703786191536	190.48533333333333	86.4367816091954	91.1094674556213	67.28010471204189	375.4404761904762	81.28571428571429	239.63834422657953	145.60115606936415	88.35696202531645	195.42196531791907	77.17215189873417	49.71608040201005	31.32251082251082	35.14357682619647	39.884433962264154	47.46536796536797	33.761273209549074
S214_Ribosomal_S2_391968	100.0	Bacteria	Bacillota_A	Clostridia	Oscillospirales	Ruminococcaceae	Faecalibacterium	None	0.0	0.0	46.07560137457045	93.14432989690722	80.9278350515464	16.876288659793815	168.91397849462365	64.47079037800687	69.40549828178695	98.33333333333333	25.13745704467354	84.72508591065292	114.86551724137931	85.86690647482014	94.35395189003437	72.45360824742268	92.78350515463917	48.799283154121866	115.79078014184397	94.7766323024055	64.30927835051547	58.18556701030928	52.78350515463917	47.12027491408935	66.84536082474227	19.628865979381445	78.26460481099656	61.439862542955325	63.738831615120276	90.83391003460207	80.12371134020619	35.11340206185567	33.27835051546392	46.560137457044675	62.385892116182575	48.6	41.79255319148936
S214_Ribosomal_S2_242467	100.0	Bacteria	Bacillota_A	Clostridia	Lachnospirales	Lachnospiraceae	CAG-194	CAG-194 sp000432915	0.0	0.0	0.0	0.0	0.0	0.0	0.3913630229419703	0.0	0.0	0.0	0.0	0.0	7.018970189701897	5.285714285714286	2.429663608562691	4.61808367071525	65.59802306425041	26.998511904761905	0.0	0.0	79.21164772727273	72.28022759601707	4.9527665317139	0.0	0.3522267206477733	0.0	0.6302294197031039	0.0	1.1390013495276654	0.0	16.36318407960199	29.11218568665377	28.626	23.631051752921536	19.189852700491	41.11711711711712	21.705544933078393
S214_Ribosomal_S2_371492	100.0	Bacteria	Bacillota_A	Clostridia	Oscillospirales	Ruminococcaceae	Faecalibacterium	Faecalibacterium sp900551435	0.0	0.0	25.352941176470587	29.5375	7.171171171171171	463.8936170212766	0.0	72.32926829268293	59.33684210526316	46.1625	43.395604395604394	78.76404494382022	19.974683544303797	21.056818181818183	4.718181818181818	3.725	4.1875	0.987012987012987	3.1690140845070425	0.26126126126126126	14.75	0.5769230769230769	28.27927927927928	10.966101694915254	46.708333333333336	0.8558558558558559	21.651685393258425	39.13513513513514	83.71578947368421	96.02	15.054054054054054	9.555555555555555	10.676470588235293	32.84615384615385	27.99099099099099	33.31578947368421	29.430379746835442
S214_Ribosomal_S2_311588	100.0	Bacteria	Bacillota_A	Clostridia	Clostridiales	Clostridiaceae	Clostridium	Clostridium sp900540255	0.0	0.0	0.0	0.0	0.0	0.44508670520231214	0.0	203.92307692307693	0.6223506743737958	0.0	0.456	0.0	0.0	0.0	0.0	0.0	11.695568400770712	0.5815217391304348	58.098837209302324	24.368956743002546	96.9961464354528	51.258947368421055	53.8125	19.36111111111111	5.454545454545454	0.5630026809651475	12.055555555555555	0.0	0.0	2.019522776572668	0.0	0.0	0.0	48.36608863198459	36.69653767820774	17.04449648711944	0.8940269749518305
S214_Ribosomal_S2_382772	100.0	Bacteria	Bacillota_A	Clostridia	Lachnospirales	Lachnospiraceae	Oliverpabstia	None	0.0	0.0	12.305747126436781	12.56221198156682	13.703947368421053	89.91584158415841	50.51778656126482	78.33467741935483	39.256658595641646	98.16803278688525	29.934306569343065	115.0095785440613	206.3846153846154	153.72967032967034	130.3082191780822	72.76559139784946	28.71671388101983	16.456043956043956	154.14577259475217	63.73134328358209	99.42089552238807	52.16180371352785	111.17330210772833	82.99767441860465	6.378313253012048	10.38723404255319	11.385185185185184	6.425742574257426	78.78794178794179	30.89016018306636	8.4425	15.659367396593675	7.076372315035799	112.11306532663316	72.42733188720173	20.524324324324326	18.004415011037526
S214_Ribosomal_S2_9525	98.7	Bacteria	Bacillota_A	Clostridia	Oscillospirales	Oscillospiraceae	CAG-170	CAG-170 sp934668605	0.0	0.0	0.0	0.0	0.0	0.0	0.0	0.0	0.0	0.0	0.0	0.0	0.5988023952095808	1.986159169550173	0.0	0.0	0.0	3.0751633986928106	0.7035175879396985	0.9587301587301588	0.0	0.9587301587301588	0.0	0.0	0.0	3.4634920634920636	1.0449438202247192	5.612698412698412	0.0	0.0	7.904580152671755	13.27936507936508	3.1844660194174756	6.572519083969466	0.6543778801843319	1.0838323353293413	0.0
S214_Ribosomal_S2_433462	100.0	Bacteria	Bacillota_A	Clostridia	Christensenellales	CAG-138	SFEL01	SFEL01 sp004557245	0.0	0.0	0.0	0.0	0.0	0.0	0.0	0.0	0.0	0.0	0.0	0.0	1.625418060200669	3.32425068119891	0.985632183908046	0.8662420382165605	0.0	0.0	0.0	1.3970276008492568	0.0	0.0	0.0	0.0	5.186746987951807	2.05307855626327	0.8046709129511678	0.8004246284501062	0.0	0.0	22.397759103641455	5.631221719457014	0.29936305732484075	5.432900432900433	9.79016393442623	6.6093418259023355	0.6379310344827587
S214_Ribosomal_S2_468798	100.0	Bacteria	Bacillota_A	Clostridia	Oscillospirales	Acutalibacteraceae	UBA737	None	0.0	0.0	0.0	0.0	0.0	0.0	0.0	0.0	0.0	0.0	0.0	0.0	3.2108036890645586	2.204355108877722	0.0	0.2648221343873518	1.9200542005420054	0.8814055636896047	1.9275362318840579	2.380764163372859	19.54590163934426	27.0890625	1.7194127243066883	0.0	0.6351851851851852	0.0	9.63968253968254	0.0	0.0	0.391304347826087	0.0	1.5889328063241106	0.0	13.212612612612613	10.320964749536179	7.927641099855282	6.392857142857143
S214_Ribosomal_S2_457024	100.0	Bacteria	Bacillota_A	Clostridia	Christensenellales	QALW01	QALW01	QALW01 sp003150515	0.0	0.0	0.0	0.0	0.0	0.0	0.0	0.0	0.0	0.0	0.0	0.0	0.0	0.0	0.0	0.0	0.0	0.0	0.0	0.0	0.0	0.0	0.0	0.0	0.0	0.0	0.0	0.0	0.0	0.0	0.0	0.0	0.0	7.268733850129199	8.319371727748692	0.0	0.0
S214_Ribosomal_S2_275780	100.0	Bacteria	Pseudomonadota	Gammaproteobacteria	Burkholderiales	Burkholderiaceae_A	Mesosutterella	Mesosutterella multiformis	0.0	0.0	0.0	0.0	0.0	0.0	0.0	0.0	0.0	0.0	0.0	0.0	0.0	0.0	0.0	0.0	0.0	0.0	0.0	0.0	0.0	0.0	0.0	0.0	0.0	0.0	0.0	0.0	0.0	0.0	0.0	0.0	0.0	4.304575163398693	4.235955056179775	15.379310344827585	10.651685393258427
S214_Ribosomal_S2_348998	100.0	Bacteria	Actinomycetota	Coriobacteriia	Coriobacteriales	Eggerthellaceae	Adlercreutzia	Adlercreutzia equolifaciens	0.0	0.0	0.0	1.2195512820512822	6.562189054726368	1.171280276816609	5.961442786069652	15.312599681020734	24.857946554149084	32.600515463917525	9.581183611532625	10.118794326241135	7.319651741293533	1.4114583333333333	0.32558139534883723	0.5486238532110091	0.0	0.0	3.082901554404145	0.0	12.130904183535762	8.188059701492538	2.528440366972477	6.2472972972972975	30.935593220338983	13.283604135893649	14.297297297297296	12.240811153358681	8.795144157814871	4.421133231240429	10.24502487562189	13.844611528822055	8.407754010695188	37.438938053097345	27.512539184952978	18.73435326842837	7.025065963060686
S214_Ribosomal_S2_154441	99.0	Bacteria	Bacteroidota	Bacteroidia	Bacteroidales	Rikenellaceae	Alistipes	Alistipes sp021204515	0.0	0.0	0.0	41.871459694989106	71.0596546310832	0.0	0.0	0.0	0.0	0.0	0.0	0.0	0.0	0.0	0.0	0.0	0.0	0.0	0.0	0.0	24.528523489932887	33.99861111111111	14.226168224299066	11.524412296564195	18.149514563106795	0.0	0.0	3.8359173126614987	0.0	0.0	0.0	0.0	0.0	3.611111111111111	1.5710594315245479	4.353130016051364	4.131782945736434
S214_Ribosomal_S2_69457	98.3	Bacteria	Bacillota_A	Clostridia	Oscillospirales	Oscillospiraceae	Faecousia	Faecousia sp900549705	0.0	0.0	2.0830258302583027	21.55440414507772	15.154499151103565	0.0	2.718681318681319	0.0	2.451077943615257	1.7417582417582418	2.8397626112759644	2.4941176470588236	7.319738988580751	4.333910034602076	5.421666666666667	4.282258064516129	23.86271186440678	7.26886145404664	12.424929178470254	11.038520801232666	3.5584905660377357	9.777966101694915	42.40169133192389	26.48153409090909	39.109739368998625	3.163147792706334	21.738372093023255	12.936046511627907	1.7753743760399334	2.2830188679245285	137.86968449931413	34.47642276422764	35.08990825688073	29.478743068391868	20.865329512893982	9.846715328467154	6.992283950617284
S214_Ribosomal_S2_260434	99.6	Bacteria	Bacteroidota	Bacteroidia	Bacteroidales	Bacteroidaceae	Bacteroides	Bacteroides stercorirosoris	0.0	0.0	1.5105820105820107	45.14932126696833	15.978171896316507	1.246031746031746	155.544	37.16549295774648	199.14387464387465	88.17142857142858	26.854790419161677	77.67269439421338	27.101761252446185	13.527118644067796	0.0	8.68421052631579	45.46246246246246	10.734299516908212	1.7103174603174602	0.9482517482517483	44.67350157728707	34.10746268656717	19.01453957996769	18.775132275132275	16.634472511144132	2.6540880503144653	33.06332842415317	12.780689655172413	1.747191011235955	9.388978930307943	14.03111111111111	5.237822349570201	0.0	14.265503875968992	10.913286713286713	18.707482993197278	4.3538461538461535
S214_Ribosomal_S2_252756	100.0	Bacteria	Bacillota_A	Clostridia	None	None	None	None	0.0	0.0	2.9714285714285715	5.380952380952381	5.161904761904762	3.657142857142857	0.0	6.780952380952381	0.0	0.0	0.0	11.452054794520548	4.970588235294118	15.166666666666666	5.238095238095238	0.0	1.6095238095238096	0.0	3.00990099009901	0.0	9.825	3.0476190476190474	0.0	0.7619047619047619	3.9367088607594938	4.846938775510204	0.34285714285714286	5.6380952380952385	5.333333333333333	14.038461538461538	0.0	2.4380952380952383	0.0	2.942857142857143	3.7523809523809524	0.009523809523809525	0.0
S214_Ribosomal_S2_38229	100.0	Bacteria	Bacillota_A	Clostridia	Christensenellales	CAG-74	UBA11524	UBA11524 sp000437595	0.0	0.0	17.965073529411764	0.0	0.0	0.0	126.31561996779388	0.0	2.0691176470588237	1.0647382920110193	0.7904599659284497	0.6870229007633588	21.56179775280899	10.232782369146005	7.45	9.649006622516556	10.152733118971062	1.8346333853354133	2.683563748079877	1.494773519163763	164.7103448275862	81.4446227929374	0.0	0.8057851239669421	0.0	0.0	0.0	0.0	0.0	0.0	38.544871794871796	24.712408759124088	12.880184331797235	82.6510172143975	73.74603174603175	73.81382978723404	59.193006993006996
S214_Ribosomal_S2_363862	100.0	Bacteria	Bacillota_A	Clostridia	Oscillospirales	Oscillospiraceae	UBA738	None	0.0	0.0	0.0	0.0	0.0	0.0	0.0	0.0	0.0	0.0	0.0	0.0	0.16666666666666666	1.9090909090909092	0.0	0.0	0.0	0.0	0.0	0.0	1.4494949494949494	0.0	0.0	5.484848484848484	0.0	0.0	0.0	0.0	0.3181818181818182	0.0	16.23076923076923	0.0	2.707070707070707	2.4695121951219514	3.8360655737704916	5.26241134751773	7.3828125
S214_Ribosomal_S2_282969	100.0	Bacteria	Bacillota_A	Clostridia	TANB77	CAG-508	CAG-269	CAG-269 sp001916055	0.0	0.0	0.0	0.0	0.0	0.0	0.0	0.0	0.0	0.0	0.0	0.0	0.0	1.143939393939394	0.0	0.0	3.16	0.0	4.243436754176611	2.267379679144385	0.0	0.0	0.0	0.0	0.0	0.0	0.0	0.0	0.0	0.0	0.0	1.0357941834451903	0.0	1.7630331753554502	10.079522862823062	7.335012594458438	0.0
S214_Ribosomal_S2_69979	100.0	Bacteria	Bacillota_A	Clostridia	Lachnospirales	Lachnospiraceae	Bariatricus	None	0.0	0.0	27.442463533225283	29.20349761526232	6.212121212121212	0.0	125.55241264559068	1.186217008797654	2.8988195615514334	1.8017543859649123	21.262096774193548	55.484502446982056	182.25835866261397	153.05610098176717	116.71833084947839	114.67687595712098	28.02120717781403	7.008559201141227	110.62987886944818	66.58951965065502	157.12111801242236	90.48402555910543	138.74694589877836	109.68507462686567	45.61904761904762	21.350877192982455	41.84643510054845	11.472222222222221	43.12252252252252	42.9967897271268	27.514032496307237	22.41248097412481	9.924786324786325	87.29946524064171	86.69448183041723	83.93353474320242	21.53314917127072
S214_Ribosomal_S2_267099	100.0	Bacteria	Actinomycetota	Actinomycetia	Actinomycetales	Bifidobacteriaceae	Bifidobacterium	None	0.0	0.0	31.098859315589355	48.91304347826087	40.97377049180328	773.508064516129	166.84805653710248	242.0316205533597	81.75836431226766	117.42910447761194	7.118012422360248	65.34507042253522	0.0	0.0	0.0	0.0	13.295302013422818	8.761194029850746	6.472463768115942	2.5478260869565217	33.29824561403509	22.78299120234604	42.59154929577465	16.055072463768116	16.44927536231884	207.2962962962963	38.49545454545454	42.84583333333333	100.81454545454545	12.47536231884058	0.0	0.0	0.0	2.922374429223744	8.550819672131148	1.6753623188405797	3.5014492753623188
S214_Ribosomal_S2_289115	100.0	Bacteria	Bacillota_A	Clostridia	Lachnospirales	Lachnospiraceae	Dorea	Dorea formicigenerans	0.0	0.0	3.1007194244604315	7.347670250896058	8.842335766423357	0.0	4.414258188824663	229.7248	29.21630615640599	42.65238879736408	39.63275039745628	111.66666666666667	62.646131805157594	58.336194563662374	138.32883642495784	96.45167286245353	26.441333333333333	12.078459343794579	68.567055393586	46.451951951951955	42.11908396946565	13.905594405594405	37.222375690607734	44.626666666666665	15.55475763016158	15.747913188647747	21.24373259052925	8.119377162629759	38.2085798816568	37.76280834914611	15.428343949044587	13.609129814550641	5.723101265822785	25.853968253968254	32.83067092651757	18.217041800643088	2.2526501766784452
S214_Ribosomal_S2_441693	99.1	Bacteria	Desulfobacterota	Desulfovibrionia	Desulfovibrionales	Desulfovibrionaceae	Desulfovibrio	Desulfovibrio fairfieldensis	0.0	0.0	0.0	0.0	0.0	0.0	0.0	0.0	0.0	0.0	0.0	0.0	15.957295373665481	7.871841155234657	0.0	1.5423976608187135	0.0	0.0	0.0	0.0	6.641114982578397	1.3245614035087718	1.8065522620904837	0.0	2.546641791044776	0.0	5.795527156549521	0.0	0.0	0.0	15.03448275862069	0.0	1.1143375680580763	4.608187134502924	1.483402489626556	6.052991452991453	2.193548387096774
S214_Ribosomal_S2_71520	100.0	Bacteria	Bacillota_A	Clostridia	Oscillospirales	Ruminococcaceae	Gemmiger	None	0.0	0.0	75.8287373004354	58.88265306122449	24.83	1271.3450834879407	0.0	209.96229508196723	188.37029702970298	138.05524861878453	121.3743119266055	189.66666666666666	152.47257383966246	157.179180887372	59.776595744680854	69.84797297297297	28.663774403470715	7.171717171717172	46.05555555555556	34.72708333333333	52.67171717171717	30.77133105802048	80.5578231292517	49.45582329317269	132.35472972972974	0.0	59.623745819397996	178.53119730185497	298.4611111111111	331.5574043261231	53.3064182194617	22.256880733944953	39.50246305418719	124.81518151815182	111.2720848056537	128.37523105360444	78.30701754385964
S214_Ribosomal_S2_344423	100.0	Bacteria	Actinomycetota	Coriobacteriia	Coriobacteriales	Eggerthellaceae	Ellagibacter	None	0.0	0.0	14.712962962962964	0.0	0.0	0.45841784989858014	0.5851979345955249	0.0	0.5690104166666666	0.56640625	0.5755208333333334	0.0	17.387442572741193	19.63809523809524	12.05648854961832	12.687869822485206	7.786472148541114	4.677238805970149	13.695195195195195	9.170572916666666	16.623789764868604	5.977469670710572	2.9248747913188646	1.7054009819967266	1.3098958333333333	1.5729166666666667	1.2356770833333333	0.76953125	0.1875	1.8736979166666667	0.9700520833333334	1.1328125	0.0	17.43191196698762	18.753510140405616	8.849420849420849	3.023021582733813
S214_Ribosomal_S2_300906	100.0	Bacteria	Bacillota_A	Clostridia	None	None	None	None	0.0	0.0	0.0	0.0	0.0	0.0	100.12418300653594	48.947712418300654	6.763513513513513	5.281553398058253	2.8230769230769233	12.13986013986014	30.257142857142856	17.25	0.0	0.0	0.0	0.8496732026143791	32.51798561151079	25.26797385620915	44.41525423728814	13.156862745098039	19.241830065359476	7.973856209150327	9.881578947368421	0.0	2.183006535947712	8.27	10.045751633986928	2.369047619047619	0.0	0.0	0.0	6.845360824742268	3.558333333333333	2.456	1.3986928104575163
S214_Ribosomal_S2_329582	96.8	Bacteria	Bacillota_A	Clostridia	None	None	None	None	0.0	0.0	0.8380952380952381	0.0	0.0	0.0	0.0	0.0	0.0	0.0	0.0	0.0	0.0	0.0	3.3741007194244603	0.0	0.0	0.0	0.0	0.0	5.867924528301887	11.517241379310345	0.0	1.1111111111111112	0.0	0.0	0.0	0.0	0.0	0.0	0.0	0.0	0.0	8.294871794871796	0.0	0.0	0.0
S214_Ribosomal_S2_457584	100.0	Bacteria	Bacillota_A	Clostridia	Oscillospirales	Oscillospiraceae	Evtepia	None	0.0	0.0	5.395904436860068	18.77007299270073	15.51123595505618	0.0	0.0	0.8777969018932874	15.110924369747899	23.622529644268774	9.907153729071537	25.772811918063315	40.54181818181818	33.44463971880492	21.319571865443425	32.68702290076336	20.734653465346536	5.293913043478261	44.003361344537815	13.333333333333334	27.388535031847134	17.945454545454545	28.022253129346314	15.041431261770246	36.25141242937853	9.539325842696629	35.318114874815905	20.337552742616033	11.829383886255924	13.86448598130841	27.175206611570246	31.642172523961662	14.262969588550984	54.63401109057301	52.55065359477124	31.811544991511035	4.480676328502415
S214_Ribosomal_S2_297841	100.0	Bacteria	Bacillota_A	Clostridia	Oscillospirales	Oscillospiraceae	ER4	ER4 sp000765235	0.0	0.0	14.681948424068768	84.03253182461103	27.471830985915492	0.0	0.0	2.8940972222222223	82.14497041420118	84.00151057401813	2.6854256854256855	48.96692607003891	18.94368600682594	22.19880418535127	4.553672316384181	9.602605863192183	8.034172661870503	6.564663023679417	22.802447552447553	14.642628205128204	44.583333333333336	48.43478260869565	57.02485380116959	36.974436090225566	109.36404160475483	15.392079207920792	86.51819757365685	110.44444444444444	12.507352941176471	21.409009009009008	140.03554119547658	27.759834368530022	29.085592011412267	86.95638629283489	80.11645962732919	77.32374100719424	35.54872563718141
S214_Ribosomal_S2_104305	100.0	Bacteria	Bacillota_A	Clostridia	Oscillospirales	Acutalibacteraceae	Ruminococcus_E	Ruminococcus_E bromii_B	0.0	0.0	0.0	24.50307692307692	69.18307426597582	0.0	0.0	0.0	0.0	0.0	0.0	0.0	97.56270627062706	89.28885135135135	56.84124629080119	117.11574952561669	16.951841359773372	3.2176759410801963	16.73121387283237	11.656474820143885	67.28813559322033	27.74112426035503	0.0	0.0	211.61493411420204	635.0566037735849	412.93581081081084	20.501742160278745	0.0	2.323651452282158	1.020746887966805	0.0	0.0	1116.5344563552833	899.2187958883994	516.0666666666667	112.97642436149313
S214_Ribosomal_S2_470395	98.0	Bacteria	Bacillota_A	Clostridia	Lachnospirales	Lachnospiraceae	Mediterraneibacter_A	Mediterraneibacter_A butyricigenes	0.0	0.0	0.0	1.0184615384615385	0.0	0.0	0.0	1.3	0.711864406779661	1.9272727272727272	0.509090909090909	0.4952681388012618	1.7	3.7393939393939393	3.398026315789474	1.3461538461538463	0.34545454545454546	1.4272727272727272	5.900621118012422	1.2222222222222223	3.1796610169491526	3.827272727272727	0.3575757575757576	0.9333333333333333	3.83030303030303	1.6424242424242423	5.17479674796748	0.0	2.5575757575757576	0.0	0.9151515151515152	2.4574132492113563	0.0	7.373390557939914	5.6438356164383565	5.83939393939394	1.1575757575757575
S214_Ribosomal_S2_188796	99.6	Bacteria	Bacillota_A	Clostridia	Oscillospirales	Oscillospiraceae	CAG-170	None	0.0	0.0	4.6546906187624755	3.6552706552706553	5.185714285714286	0.0	0.7392857142857143	0.0	0.0	0.0	0.0	0.0	25.777936962750715	14.487804878048781	3.579710144927536	6.2270531400966185	15.45076923076923	6.691107644305772	10.864814814814816	12.055727554179567	22.836849507735582	6.916666666666667	37.82229402261712	17.055194805194805	10.57451403887689	5.763713080168777	35.93952180028129	14.666666666666666	8.588579795021962	10.826190476190476	71.43039772727273	7.6498054474708175	6.175	9.784708249496981	7.060478199718706	32.419402985074626	14.08433734939759
S214_Ribosomal_S2_79744	100.0	Bacteria	Bacillota_A	Clostridia	Oscillospirales	Oscillospiraceae	UBA738	None	0.0	0.0	0.33620689655172414	0.0	0.0	0.0	0.0	0.0	0.0	0.0	0.0	0.0	3.225705329153605	1.7794871794871794	1.4256410256410257	0.0	0.0	0.0	0.0	0.0	5.4282051282051285	0.8360128617363344	0.799163179916318	0.0	0.0	0.0	0.0	4.694444444444445	2.348717948717949	0.0	23.68125	11.108771929824561	0.1320754716981132	14.246153846153845	13.99388379204893	18.151282051282053	0.0
S214_Ribosomal_S2_449413	99.6	Bacteria	Bacillota_A	Clostridia	TANB77	CAG-508	CAG-273	CAG-273 sp000437855	0.0	0.0	1.9435600578871202	0.0	0.0	0.0	0.0	0.0	0.0	0.0	0.0	0.0	0.0	0.0	0.0	0.0	0.0	0.0	0.0	0.0	0.0	0.0	0.0	0.0	0.0	1.6003184713375795	4.405329593267882	0.0	0.0	0.0	0.0	3.896600566572238	0.0	72.86120996441281	73.7497034400949	90.7129300118624	1.9323843416370108
S214_Ribosomal_S2_220040	100.0	Bacteria	Bacillota_A	Clostridia	Lachnospirales	Lachnospiraceae	Blautia_A	None	0.0	0.0	65.93953488372092	42.581989247311824	51.36423841059602	46.498245614035085	162.85125448028674	443.9031339031339	155.06666666666666	234.20985915492957	179.4106412005457	378.2203125	321.35349462365593	256.2088414634146	148.235807860262	145.0590405904059	106.68512658227849	36.04135893648449	197.5362095531587	128.76328502415458	180.30781010719755	83.78964401294499	344.15273311897107	284.5585443037975	57.02026049204052	193.32018927444796	188.73397435897436	53.26478494623656	238.14709851551956	191.13721804511277	33.02733118971061	89.11219512195122	15.058739255014327	131.62693498452012	102.80645161290323	61.88074712643678	21.306839186691313
S214_Ribosomal_S2_504319	100.0	Bacteria	Bacteroidota	Bacteroidia	Bacteroidales	Bacteroidaceae	Bacteroides	None	0.0	0.0	0.0	18.61038961038961	9.875	3.1458966565349544	43.89272503082614	39.622191011235955	122.92274678111588	80.07460732984293	15.124645892351275	78.20027816411682	14.635151515151515	18.268817204301076	0.0	10.584415584415584	9.236994219653178	2.7028231797919764	1.2	0.0	15.080163043478262	10.121890547263682	27.47826086956522	12.434074074074074	27.626045400238947	15.088732394366197	59.58095238095238	9.93815987933635	19.82409972299169	28.05256869772999	2.010752688172043	0.0	0.0	19.053596614950635	11.787234042553191	50.074646074646076	9.05084745762712
S214_Ribosomal_S2_2447	100.0	Bacteria	Bacillota_A	Clostridia	None	None	None	None	0.0	0.0	0.9607843137254902	0.0392156862745098	0.7647058823529411	4.529411764705882	0.0	0.0	0.0	1.7254901960784315	5.490196078431373	1.3137254901960784	15.975308641975309	23.29268292682927	3.9705882352941178	0.0	5.236111111111111	0.8529411764705882	9.847222222222221	1.1176470588235294	0.9607843137254902	2.8823529411764706	1.4803921568627452	0.7058823529411765	1.5294117647058822	2.764705882352941	2.0980392156862746	0.0	0.7843137254901961	0.0	0.0	1.9019607843137254	0.0	23.907692307692308	12.243243243243244	30.21818181818182	9.402985074626866
S214_Ribosomal_S2_331153	100.0	Bacteria	Bacillota_A	Clostridia	Oscillospirales	Ruminococcaceae	Faecalibacterium	None	0.0	0.0	11.750599520383693	59.570038910505836	33.5	0.0	64.44180522565321	33.43103448275862	45.80266075388027	72.45555555555555	7.299303944315545	40.65298507462686	71.68076923076923	52.99090909090909	25.117903930131003	33.23508771929824	65.75913978494624	31.971274685816876	65.77128953771289	43.63880597014926	25.44818652849741	21.987244897959183	15.473684210526315	7.566579634464752	11.233668341708542	2.613372093023256	19.50515463917526	35.45454545454545	27.63157894736842	52.13586956521739	49.003787878787875	20.408624229979466	5.754335260115607	37.78030303030303	45.93436293436294	86.17882352941176	38.67843137254902
S214_Ribosomal_S2_103316	100.0	Bacteria	Bacillota_A	Clostridia	Lachnospirales	Lachnospiraceae	Blautia	Blautia stercoris	0.0	0.0	2.1685761047463177	0.0	0.0	6.391684901531729	0.0	0.7908902691511387	0.0	0.0	0.0	0.8629173989455184	20.383040935672515	15.593837535014005	9.433224755700326	8.585074626865671	0.5	1.0486111111111112	0.5985130111524164	0.0	20.08490566037736	11.48030303030303	0.0	0.0	0.0	0.0	0.0	0.0	0.0	0.0	1.7836257309941521	7.02868068833652	4.065836298932385	27.104631217838765	26.81387478849408	8.577405857740585	2.4833333333333334
S214_Ribosomal_S2_319390	100.0	Bacteria	Bacillota_A	Clostridia	None	None	None	None	0.0	0.0	22.037735849056602	49.775	11.088235294117647	549.9718309859155	42.63513513513514	14.588235294117647	9.362068965517242	3.7555555555555555	14.23076923076923	22.507462686567163	58.4125	25.275	20.123456790123456	14.979591836734693	48.351351351351354	25.2375	30.243243243243242	45.69565217391305	43.56578947368421	22.0	40.24	28.320987654320987	9.902439024390244	11.521739130434783	22.177419354838708	4.078947368421052	20.379310344827587	35.14545454545455	12.325	3.411764705882353	0.0	12.533333333333333	13.385714285714286	0.0	0.0
S214_Ribosomal_S2_285093	100.0	Bacteria	Bacillota_A	Clostridia	Lachnospirales	Lachnospiraceae	Lachnoclostridium_B	Lachnoclostridium_B sp900066555	0.0	0.0	1.0276497695852536	3.657631954350927	0.0	0.3318077803203661	0.0	8.987394957983193	3.787142857142857	5.918560606060606	1.5276381909547738	7.135188866799205	18.779829545454547	12.704986149584487	23.755522827687777	23.137283236994218	3.0816326530612246	1.2074626865671643	10.877300613496933	1.838095238095238	5.186394557823129	3.0598639455782313	3.3242467718794835	1.335559265442404	0.0	2.2181008902077153	5.169014084507042	0.9109848484848485	5.985964912280702	9.393887945670627	2.2924791086350975	1.1397849462365592	0.7129251700680272	6.379432624113475	5.621776504297994	6.126888217522659	0.0
S214_Ribosomal_S2_63397	100.0	Bacteria	Bacillota_A	Clostridia	Lachnospirales	Lachnospiraceae	Hominisplanchenecus	None	0.0	0.0	11.6652977412731	0.0	0.0	0.0	106.75147928994083	185.4100529100529	52.29247311827957	170.7892156862745	65.414551607445	185.30925507900676	22.829268292682926	14.56629213483146	9.324786324786325	15.590361445783133	1.9471458773784356	1.7445008460236886	15.736702127659575	5.133495145631068	11.304042179261863	2.9681818181818183	0.0	0.9803921568627451	37.836	0.4883720930232558	5.215415019762846	28.669260700389106	74.14059753954305	23.487309644670052	2.4805414551607443	1.0203045685279188	1.7851099830795263	10.262267343485618	5.140384615384615	8.638020833333334	1.9473684210526316
S214_Ribosomal_S2_458156	100.0	Bacteria	Bacteroidota	Bacteroidia	Bacteroidales	Rikenellaceae	Alistipes	Alistipes shahii	0.0	0.0	1.9092896174863387	57.97840755735493	54.830708661417326	0.0	0.0	0.0	12.799283154121865	8.910171730515192	0.0	1.200868621064061	14.301020408163266	6.443231441048035	0.0	6.111709286675639	7.647138964577657	5.036386449184442	1.1319444444444444	6.351590106007067	81.43586005830903	59.81688311688312	34.833787465940055	24.41868131868132	23.254027261462205	43.31448275862069	30.65819209039548	33.1011673151751	4.460571428571429	2.794736842105263	51.589572192513366	22.916760404949382	12.127226463104325	22.652430044182623	20.99347116430903	54.44192634560906	11.189814814814815
S214_Ribosomal_S2_335277	100.0	Bacteria	Bacillota_A	Clostridia	Oscillospirales	Acutalibacteraceae	UBA1417	None	0.0	0.0	40.627906976744185	2.320855614973262	9.928571428571429	0.0	0.0	20.178628389154706	44.94556765163297	78.35365853658537	18.692957746478875	35.50087873462214	20.953216374269005	9.204918032786885	8.620596205962059	10.760162601626016	4.305084745762712	4.4170096021947876	242.18011527377521	154.27722772277227	54.15	34.09477124183007	17.334384858044164	6.910016977928692	40.14185639229422	11.57570977917981	10.035772357723577	0.9092140921409214	2.75	1.4665226781857452	17.579310344827586	28.450819672131146	2.645528455284553	56.97388632872504	67.06902356902357	86.28849270664506	52.505376344086024
S214_Ribosomal_S2_428974	97.4	Bacteria	Bacillota_A	Clostridia	UBA1381	UBA1381	CAG-41	CAG-41 sp900066215	0.0	0.0	6.072368421052632	0.0	8.156862745098039	0.0	14.726315789473684	48.490610328638496	31.617521367521366	0.0	8.166666666666666	239.1220238095238	11.041131105398458	9.910485933503836	21.0718954248366	23.5544794188862	4.652741514360313	0.0	8.923076923076923	6.061224489795919	10.643162393162394	0.0	15.833333333333334	17.52341597796143	8.544871794871796	5.987980769230769	17.33842794759825	0.0	3.657232704402516	1.894206549118388	1.7154471544715446	3.9339622641509435	0.0	22.228739002932553	4.34983498349835	13.665148063781322	0.0
S214_Ribosomal_S2_501164	100.0	Bacteria	Actinomycetota	Actinomycetia	Actinomycetales	Bifidobacteriaceae	Bifidobacterium	None	0.0	0.0	18.633587786259543	50.190140845070424	30.8	188.25903614457832	59.3905325443787	60.09826589595376	29.716666666666665	37.82389937106918	17.84090909090909	38.56547619047619	11.089285714285714	5.27027027027027	4.031645569620253	15.014598540145986	4.086206896551724	11.259615384615385	0.0	7.4950495049504955	0.0	0.0	15.466666666666667	0.0	10.190184049079754	274.81111111111113	24.652482269503547	19.078212290502794	147.56666666666666	135.69767441860466	28.82638888888889	37.99354838709677	10.516666666666667	18.255555555555556	45.09154929577465	21.99230769230769	10.15079365079365
S214_Ribosomal_S2_305073	100.0	Bacteria	Bacillota_A	Clostridia	Lachnospirales	Lachnospiraceae	Hominisplanchenecus	None	0.0	0.0	9.125	0.0	0.0	0.44871794871794873	48.74247491638796	116.76282051282051	28.15530303030303	72.44280442804428	34.505836575875485	89.5515873015873	10.60576923076923	1.7927927927927927	8.875	5.866379310344827	0.5051546391752577	0.0	1.6318407960199004	2.41025641025641	5.782051282051282	0.7055555555555556	0.4807692307692308	0.6923076923076923	22.372822299651567	0.0	1.1115384615384616	12.137254901960784	34.48397435897436	1.0888888888888888	0.6442307692307693	0.4915254237288136	0.0	2.44811320754717	4.717948717948718	3.2750809061488675	1.8461538461538463
S214_Ribosomal_S2_207796	100.0	Bacteria	Bacillota_A	Clostridia	Oscillospirales	Ruminococcaceae	Ruminococcus_C	Ruminococcus_C sp000433635	0.0	0.0	82.8030303030303	0.0	0.0	0.0	139.2156862745098	0.0	0.0	0.0	0.0	0.0	0.0	0.0	0.0	0.0	36.08578431372549	21.021875	87.12751677852349	59.8459595959596	114.85254691689008	59.12307692307692	82.45425867507886	46.09324758842444	64.81395348837209	10.435897435897436	47.422641509433966	0.0	0.0	0.0	0.0	0.7328431372549019	0.0	2.9591836734693877	1.7377450980392157	3.7216216216216216	3.225225225225225
S214_Ribosomal_S2_432572	100.0	Bacteria	Cyanobacteriota	Vampirovibrionia	Gastranaerophilales	Gastranaerophilaceae	Zag111	None	0.0	0.0	0.0	0.0	0.0	0.0	0.0	0.0	0.0	0.0	0.0	0.0	0.0	0.0	0.14007782101167315	0.2827496757457847	14.337278106508876	1.3870481927710843	0.0	0.0	1.1621271076523996	0.0	0.0	0.0	0.0	0.0	0.0	0.0	0.0	0.0	0.0	0.0	1.7185473411154344	4.570469798657718	7.181686046511628	22.29746835443038	0.0
S214_Ribosomal_S2_478656	100.0	Bacteria	Bacteroidota	Bacteroidia	Bacteroidales	Bacteroidaceae	Phocaeicola	None	0.0	0.0	4.834905660377358	74.30741626794259	34.53297442799462	0.8782816229116945	328.3805855161787	271.4665629860031	216.59183673469389	199.40029761904762	20.936855670103093	198.16407185628742	28.84875	25.086904761904762	2.0597907324364724	16.767073170731706	3.4970588235294118	1.3407821229050279	3.5324675324675323	0.0	81.15643802647413	38.47866666666667	39.063091482649845	21.98095238095238	42.18082524271845	16.212303980699637	62.984415584415586	27.63317191283293	59.98012422360249	83.42875816993464	22.803514376996805	3.6476190476190475	0.0	12.292978208232446	7.743553008595988	32.439844760672706	4.740573152337858
S214_Ribosomal_S2_213447	100.0	Bacteria	Bacillota_A	Clostridia	Lachnospirales	Lachnospiraceae	Eisenbergiella	Eisenbergiella sp900066775	0.0	0.0	3.8215223097112863	3.58187134502924	5.587071240105541	0.0	18.577281191806332	2.0355618776671407	3.646551724137931	0.0	0.0	3.0752864157119477	56.91530460624071	49.31150442477876	3.7164404223227754	1.8490813648293962	6.747503566333809	1.609831029185868	31.629261363636363	19.169082125603865	7.2691751085383505	4.716323296354992	9.20846394984326	3.969111969111969	24.528591352859134	3.0236220472440944	6.076040172166428	6.8858267716535435	5.093862815884476	1.697196261682243	25.945864661654134	59.81975736568457	1.1957585644371942	150.32324840764332	123.82602921646746	117.43835616438356	54.978476821192054
S214_Ribosomal_S2_402380	100.0	Bacteria	Bacillota_A	Clostridia	Lachnospirales	Lachnospiraceae	Coprococcus_A	Coprococcus_A catus_A	0.0	0.0	2.8045454545454547	0.0	10.405882352941177	0.0	0.0	7.125	5.477941176470588	19.138173302107727	9.0	26.67016491754123	16.376432078559738	9.431906614785992	1.2123411978221417	7.906137184115524	14.997118155619596	2.13458262350937	9.225352112676056	10.396825396825397	25.935374149659864	22.44234404536862	68.59126984126983	39.5066889632107	0.9518072289156626	4.991584852734923	0.9672131147540983	0.9467213114754098	7.668478260869565	4.013282732447818	3.8740031897926634	8.941077441077441	1.3470394736842106	20.973426573426572	24.328710124826628	8.183856502242152	2.810902896081772
S214_Ribosomal_S2_226765	100.0	Bacteria	Bacillota_A	Clostridia	Oscillospirales	Oscillospiraceae	Dysosmobacter	None	0.0	0.0	1.477815699658703	12.785388127853881	5.206896551724138	1.4814814814814814	2.3307086614173227	0.0	2.0181268882175227	5.4338624338624335	0.0	3.3555555555555556	3.461267605633803	3.989051094890511	5.451851851851852	0.6086956521739131	10.375757575757575	0.0	3.816618911174785	1.3178807947019868	2.417283950617284	8.673992673992673	5.102766798418973	4.402255639097745	37.18975903614458	4.390123456790123	67.16666666666667	24.696296296296296	5.862804878048781	2.2750809061488675	69.50809061488673	16.324137931034482	18.54113924050633	14.345276872964169	6.976	10.8203125	6.071216617210682
S214_Ribosomal_S2_430543	100.0	Bacteria	Bacteroidota	Bacteroidia	Bacteroidales	Bacteroidaceae	Alloprevotella	Alloprevotella timonensis	0.0	0.0	0.0	0.0	0.0	0.0	0.0	0.0	0.0	0.0	0.0	0.0	0.0	0.0	0.0	0.0	58.64817518248175	34.13496932515337	17.0982800982801	10.09433962264151	68.57446808510639	41.8026706231454	158.7985257985258	156.16352201257862	0.0	0.0	0.0	0.0	0.0	0.0	2.095798319327731	0.0	0.0	1.7169117647058822	3.175	18.738505747126435	21.968934911242602
S214_Ribosomal_S2_38863	93.2	Bacteria	Bacillota_A	Clostridia	Oscillospirales	Ruminococcaceae	Angelakisella	Angelakisella sp900547385	0.0	0.0	33.80952380952381	0.0	0.0	0.0	69.45614035087719	0.0	0.0	0.0	0.0	0.0	1.200501253132832	0.0	0.0	0.0	15.285171102661597	13.3042071197411	43.64411027568922	34.82857142857143	48.31328320802005	40.7463768115942	49.36842105263158	22.92230576441103	18.307947019867548	19.36591478696742	66.34905660377359	0.0	0.0	0.0	15.74436090225564	0.0	1.9974937343358397	5.446115288220551	0.9806949806949807	4.885386819484241	5.622222222222222
S214_Ribosomal_S2_384470	100.0	Bacteria	Actinomycetota	Actinomycetia	Actinomycetales	Bifidobacteriaceae	Bifidobacterium	Bifidobacterium adolescentis	0.0	0.0	328.62566844919786	109.54017857142857	295.78581173260574	1199.3512064343163	221.54160363086234	396.25121555915723	141.37728937728937	260.656634746922	463.72685185185185	369.81313868613137	42.768	37.04677419354839	46.80752532561505	26.696428571428573	49.054120541205414	29.32716049382716	24.958990536277604	24.86605504587156	120.20032573289902	66.98992443324937	216.4712990936556	178.67109144542772	55.55449591280654	1544.9137199434228	379.41269841269843	425.8459016393443	1904.4785932721713	1255.6950146627566	601.987969924812	441.2246575342466	275.8062234794908	662.4455172413793	630.2445482866044	467.4380825565912	239.38808373590982
S214_Ribosomal_S2_279512	99.6	Bacteria	Bacillota_A	Clostridia	Oscillospirales	Acutalibacteraceae	CAG-177	CAG-177 sp003538135	0.0	0.0	2.3346938775510204	28.257383966244724	0.0	0.0	0.0	0.0	0.0	0.0	0.0	0.0	15.030959752321982	10.146938775510204	0.2571428571428571	0.0	24.004207573632538	7.486970684039088	6.378335949764521	7.952229299363057	41.25442176870748	28.956043956043956	45.93975903614458	33.25208681135226	7.8	0.0	2.69364161849711	0.0	0.0	0.0	13.332236842105264	5.178233438485805	1.9476047904191616	54.818652849740936	102.51977401129943	124.61	54.484429065743946
S214_Ribosomal_S2_98266	97.1	Bacteria	Bacillota_A	Clostridia	Lachnospirales	Lachnospiraceae	Roseburia	None	0.0	0.0	0.0	0.0	0.0	0.0	225.18589743589743	88.14429530201342	20.148748159057437	19.44408945686901	7.778662420382165	54.92363636363636	13.51541095890411	20.162661737523106	0.0	0.7366255144032922	0.0	0.0	57.32132132132132	25.847145488029465	51.65107913669065	24.475482912332836	25.254113345521024	7.497884344146685	9.9438202247191	0.0	7.666666666666667	3.826	20.8159509202454	16.47983870967742	0.8524590163934426	0.0	0.0	15.26978417266187	3.8207407407407405	11.070769230769232	1.9261083743842364
S214_Ribosomal_S2_153564	100.0	Bacteria	Bacillota_A	Clostridia	Oscillospirales	Ruminococcaceae	Ruminiclostridium_E	None	0.0	0.0	0.3902439024390244	0.0	0.0	0.0	17.335597826086957	0.0	0.0	0.0	0.0	0.0	0.0	1.905149051490515	0.0	0.0	0.0	0.0	0.0	0.0	0.0	0.0	0.0	0.0	7.3407155025553665	40.09424083769633	29.998430141287283	16.062330623306234	0.0	0.0	0.0	2.6672760511883	0.0	26.64296296296296	10.543283582089552	63.421128798842254	11.773790951638066
S214_Ribosomal_S2_476125	100.0	Bacteria	Bacillota_A	Clostridia	Lachnospirales	Lachnospiraceae	Choladousia	Choladousia sp902363135	0.0	0.0	4.1022727272727275	0.0	7.587323943661972	0.0	15.0125	1.808972503617945	0.0	0.0	0.0	2.0295698924731185	35.14647377938517	27.392282958199356	26.097826086956523	29.1089258698941	7.486559139784946	5.32520325203252	13.327245053272451	13.7584	15.458089668615985	10.010752688172044	11.655988857938718	14.294520547945206	8.061461794019934	15.929676511954993	12.493577981651375	0.0	6.101010101010101	10.836298932384341	22.92610062893082	10.602150537634408	2.342327150084317	9.756567425569177	12.225237449118046	17.84914463452566	1.1469594594594594
S214_Ribosomal_S2_325597	99.6	Bacteria	Bacteroidota	Bacteroidia	Bacteroidales	Rikenellaceae	Alistipes	Alistipes putredinis	0.0	0.0	4.4738124238733255	0.8485915492957746	153.55661664392906	1.8824343015214384	16.544570502431117	0.0	0.0	0.0	0.0	0.0	0.0	0.8381344307270233	0.0	0.0	1.2700156985871272	0.0	0.0	0.0	127.11988716502115	83.67004341534009	132.41706730769232	112.87798036465638	3.376681614349776	1.216867469879518	3.704057279236277	132.5	38.858024691358025	43.71145038167939	0.9712643678160919	0.0	0.0	15.214002642007927	13.612676056338028	44.96446078431372	25.95086705202312
S214_Ribosomal_S2_504798	100.0	Bacteria	Pseudomonadota	Gammaproteobacteria	Burkholderiales	Burkholderiaceae_A	Parasutterella	None	0.0	0.0	0.0	14.141652613827993	0.0	0.0	0.0	0.0	1.9704301075268817	0.0	0.0	0.0	0.0	0.0	0.0	0.0	0.0	0.0	0.0	0.0	1.8616874135546335	0.0	0.0	0.0	5.184745762711865	0.0	0.7782258064516129	5.262096774193548	3.7218045112781954	0.0	0.0	0.0	0.0	0.0	0.7469635627530364	5.020161290322581	2.926031294452347
S214_Ribosomal_S2_501728	100.0	Bacteria	Bacillota_A	Clostridia	Lachnospirales	Lachnospiraceae	Acetatifactor	None	0.0	0.0	7.636243386243386	16.793984962406014	9.333988212180747	0.0	45.35588235294118	0.0	12.460420032310179	0.0	0.0	4.001390820584144	22.22797202797203	18.535714285714285	3.85546875	11.43646408839779	86.65960665658093	31.140939597315437	16.139183055975796	21.089430894308943	46.18104667609618	18.884393063583815	16.51981707317073	17.998296422487222	3.552542372881356	2.5551724137931036	10.663987138263666	0.0	0.0	0.6358490566037736	52.1125	8.208191126279864	24.55517826825127	10.401349072512648	17.028145695364238	42.743288590604024	21.980066445182725
S214_Ribosomal_S2_183268	99.6	Bacteria	Bacteroidota	Bacteroidia	Bacteroidales	Bacteroidaceae	Paraprevotella	Paraprevotella clara	0.0	0.0	0.9383647798742139	7.057377049180328	9.878828229027963	0.0	0.0	0.0	0.0	0.0	0.0	0.0	0.0	0.7856	0.0	0.0	9.575221238938052	0.43023255813953487	0.0	0.0	9.045855379188712	8.76734693877551	1.610062893081761	2.2621621621621624	0.0	0.0	0.0	0.0	0.0	0.0	11.3104	2.965625	0.0	1.8828967642526964	0.0	8.069182389937106	7.38811630847029
S214_Ribosomal_S2_13797	100.0	Bacteria	Bacillota_A	Clostridia	TANB77	CAG-508	CAG-269	None	0.0	0.0	0.0	0.0	0.0	0.0	0.0	0.0	0.0	0.0	0.0	0.0	5.381551362683438	3.4171907756813416	0.0	0.0	15.249475890985325	3.0125786163522013	5.014675052410902	0.16304347826086957	0.0	0.0	0.0	0.0	0.27044025157232704	1.5828092243186582	0.0	0.0	0.0	0.0	4.181556195965418	1.5974842767295598	1.2033542976939204	16.39412997903564	18.833333333333332	75.54013015184381	1.270440251572327
S214_Ribosomal_S2_134133	100.0	Bacteria	Bacillota_A	Clostridia	Oscillospirales	Ruminococcaceae	Faecalibacterium	None	0.0	0.0	38.025380710659896	67.24293785310735	203.63841807909606	55.316017316017316	3.930735930735931	66.7713004484305	61.663101604278076	60.415841584158414	36.142857142857146	83.0909090909091	107.56709956709956	164.44910179640718	88.87878787878788	94.58515283842794	25.651685393258425	7.687179487179487	91.13286713286713	47.8310502283105	40.2034632034632	34.370370370370374	31.20855614973262	25.948051948051948	48.096969696969694	36.86896551724138	47.35064935064935	59.50485436893204	81.27272727272727	91.71861471861472	10.587962962962964	47.4331550802139	14.293838862559241	26.03921568627451	23.216450216450216	31.285714285714285	22.307359307359306
S214_Ribosomal_S2_252410	100.0	Bacteria	Bacillota_A	Clostridia	Lachnospirales	Anaerotignaceae	Anaerotignum	Anaerotignum faecicola	0.0	0.0	0.0	11.108778625954198	1.6893939393939394	0.0	0.0	0.0	0.0	0.0	0.0	0.0	1.3278008298755186	2.0470262793914245	3.5224719101123596	1.2531120331950207	2.2533557046979866	0.367911479944675	0.0	0.9695712309820194	8.067434210526315	0.0	6.349180327868853	7.943164362519202	5.837887067395264	0.0	9.602011494252874	0.0	1.644536652835408	1.3955739972337482	8.236391912908243	6.91701244813278	1.4813278008298756	3.987551867219917	8.063865546218487	4.716236722306525	0.8201936376210235
S214_Ribosomal_S2_386047	96.2	Bacteria	Bacillota_A	Clostridia	Oscillospirales	Oscillospiraceae	Faecousia	Faecousia sp934615645	0.0	0.0	0.0	1.146153846153846	0.0	0.0	0.0	0.0	0.0	0.0	0.0	0.0	5.015384615384615	2.8564102564102565	0.0	0.7743589743589744	1.1102564102564103	1.2461538461538462	0.0	2.4743589743589745	0.0	0.0	0.0	0.0	0.0	0.0	2.2487179487179487	0.28717948717948716	0.0	0.0	7.3519736842105265	0.0	0.0	2.7282051282051283	1.7	1.5390946502057614	0.0
